1.230861027115639009e-02
1.230861027115639009e-02
1.230861027115639009e-02
1.183444814782110867e-02
1.183444814782110867e-02
1.183444814782110867e-02
1.183444814782110867e-02
1.183444814782110867e-02
1.174662880877156909e-02
1.098678580998661489e-02
1.098678580998661489e-02
1.046001100792751104e-02
1.046001100792751104e-02
1.046001100792751104e-02
1.046001100792751104e-02
1.041695996816537594e-02
1.041695996816537594e-02
1.041695996816537594e-02
1.041695996816537594e-02
9.394996549323212862e-03
9.394996549323212862e-03
9.394996549323212862e-03
9.394996549323212862e-03
9.394996549323212862e-03
9.394996549323212862e-03
9.394996549323212862e-03
9.394996549323212862e-03
9.394996549323212862e-03
9.394996549323212862e-03
9.394996549323212862e-03
9.394996549323212862e-03
9.394996549323212862e-03
9.394996549323212862e-03
9.394996549323212862e-03
9.394996549323212862e-03
9.394996549323212862e-03
9.275532957853417637e-03
9.275532957853417637e-03
9.275532957853417637e-03
9.275532957853417637e-03
9.275532957853417637e-03
9.275532957853417637e-03
9.275532957853417637e-03
9.275532957853417637e-03
9.275532957853417637e-03
9.275532957853417637e-03
9.275532957853417637e-03
9.275532957853417637e-03
9.275532957853417637e-03
9.275532957853417637e-03
9.275532957853417637e-03
9.275532957853417637e-03
9.275532957853417637e-03
9.275532957853417637e-03
9.275532957853417637e-03
9.275532957853417637e-03
9.275532957853417637e-03
9.275532957853417637e-03
9.275532957853417637e-03
9.275532957853417637e-03
9.275532957853417637e-03
9.275532957853417637e-03
9.275532957853417637e-03
9.275532957853417637e-03
9.275532957853417637e-03
9.275532957853417637e-03
9.275532957853417637e-03
9.275532957853417637e-03
9.275532957853417637e-03
9.275532957853417637e-03
9.275532957853417637e-03
9.275532957853417637e-03
9.198001031860919205e-03
8.481444865969160404e-03
8.481444865969160404e-03
8.481444865969160404e-03
8.481444865969160404e-03
8.481444865969160404e-03
8.481444865969160404e-03
8.481444865969160404e-03
8.481444865969160404e-03
8.481444865969160404e-03
8.481444865969160404e-03
8.481444865969160404e-03
8.422591205647138313e-03
8.422591205647138313e-03
8.422591205647138313e-03
8.422591205647138313e-03
8.422591205647138313e-03
8.422591205647138313e-03
8.422591205647138313e-03
8.422591205647138313e-03
8.422591205647138313e-03
8.422591205647138313e-03
8.422591205647138313e-03
8.422591205647138313e-03
8.070808017208757484e-03
8.070808017208757484e-03
8.070808017208757484e-03
8.070808017208757484e-03
8.070808017208757484e-03
8.070808017208757484e-03
8.070808017208757484e-03
8.070808017208757484e-03
8.070808017208757484e-03
8.070808017208757484e-03
8.070808017208757484e-03
8.070808017208757484e-03
8.070808017208757484e-03
8.070808017208757484e-03
8.070808017208757484e-03
8.070808017208757484e-03
8.070808017208757484e-03
8.070808017208757484e-03
8.070808017208757484e-03
8.070808017208757484e-03
8.070808017208757484e-03
8.070808017208757484e-03
8.070808017208757484e-03
8.070808017208757484e-03
8.070808017208757484e-03
8.070808017208757484e-03
8.070808017208757484e-03
8.070808017208757484e-03
8.070808017208757484e-03
8.070808017208757484e-03
8.070808017208757484e-03
8.070808017208757484e-03
8.070808017208757484e-03
8.070808017208757484e-03
8.070808017208757484e-03
8.070808017208757484e-03
6.950191798680560584e-03
6.950191798680560584e-03
6.950191798680560584e-03
6.950191798680560584e-03
6.950191798680560584e-03
6.950191798680560584e-03
6.950191798680560584e-03
6.950191798680560584e-03
6.950191798680560584e-03
6.950191798680560584e-03
6.950191798680560584e-03
6.950191798680560584e-03
6.950191798680560584e-03
6.950191798680560584e-03
6.950191798680560584e-03
6.950191798680560584e-03
6.950191798680560584e-03
6.950191798680560584e-03
6.950191798680560584e-03
6.950191798680560584e-03
6.950191798680560584e-03
6.950191798680560584e-03
6.950191798680560584e-03
6.950191798680560584e-03
6.950191798680560584e-03
6.950191798680560584e-03
6.950191798680560584e-03
6.950191798680560584e-03
6.950191798680560584e-03
6.950191798680560584e-03
6.950191798680560584e-03
6.950191798680560584e-03
6.950191798680560584e-03
6.950191798680560584e-03
6.950191798680560584e-03
6.950191798680560584e-03
6.950191798680560584e-03
6.950191798680560584e-03
6.950191798680560584e-03
6.950191798680560584e-03
6.950191798680560584e-03
6.950191798680560584e-03
6.950191798680560584e-03
6.950191798680560584e-03
6.950191798680560584e-03
6.950191798680560584e-03
6.950191798680560584e-03
6.950191798680560584e-03
6.950191798680560584e-03
6.950191798680560584e-03
6.950191798680560584e-03
6.950191798680560584e-03
6.950191798680560584e-03
6.950191798680560584e-03
6.950191798680560584e-03
6.950191798680560584e-03
6.950191798680560584e-03
6.950191798680560584e-03
6.950191798680560584e-03
6.950191798680560584e-03
6.950191798680560584e-03
6.950191798680560584e-03
6.950191798680560584e-03
6.950191798680560584e-03
6.950191798680560584e-03
6.950191798680560584e-03
6.950191798680560584e-03
6.950191798680560584e-03
6.950191798680560584e-03
6.950191798680560584e-03
6.950191798680560584e-03
6.950191798680560584e-03
6.950191798680560584e-03
6.950191798680560584e-03
6.950191798680560584e-03
6.950191798680560584e-03
6.950191798680560584e-03
6.950191798680560584e-03
6.950191798680560584e-03
6.950191798680560584e-03
6.950191798680560584e-03
6.950191798680560584e-03
6.950191798680560584e-03
6.950191798680560584e-03
6.950191798680560584e-03
6.950191798680560584e-03
6.950191798680560584e-03
6.950191798680560584e-03
6.950191798680560584e-03
6.950191798680560584e-03
6.950191798680560584e-03
6.950191798680560584e-03
6.950191798680560584e-03
6.950191798680560584e-03
6.950191798680560584e-03
6.950191798680560584e-03
6.950191798680560584e-03
6.950191798680560584e-03
6.950191798680560584e-03
6.950191798680560584e-03
6.950191798680560584e-03
6.950191798680560584e-03
6.950191798680560584e-03
6.950191798680560584e-03
6.950191798680560584e-03
6.950191798680560584e-03
6.950191798680560584e-03
6.950191798680560584e-03
6.950191798680560584e-03
6.950191798680560584e-03
6.950191798680560584e-03
6.950191798680560584e-03
6.950191798680560584e-03
6.950191798680560584e-03
6.950191798680560584e-03
6.950191798680560584e-03
6.950191798680560584e-03
6.950191798680560584e-03
6.950191798680560584e-03
6.950191798680560584e-03
6.950191798680560584e-03
6.950191798680560584e-03
6.950191798680560584e-03
6.950191798680560584e-03
6.950191798680560584e-03
6.950191798680560584e-03
6.950191798680560584e-03
6.950191798680560584e-03
6.950191798680560584e-03
6.950191798680560584e-03
6.950191798680560584e-03
6.950191798680560584e-03
6.950191798680560584e-03
6.950191798680560584e-03
6.950191798680560584e-03
6.756615106586695736e-03
6.756615106586695736e-03
6.756615106586695736e-03
6.756615106586695736e-03
6.756615106586695736e-03
6.756615106586695736e-03
6.756615106586695736e-03
6.756615106586695736e-03
6.756615106586695736e-03
6.756615106586695736e-03
6.756615106586695736e-03
6.756615106586695736e-03
6.756615106586695736e-03
6.756615106586695736e-03
6.756615106586695736e-03
6.756615106586695736e-03
6.756615106586695736e-03
6.756615106586695736e-03
6.756615106586695736e-03
6.756615106586695736e-03
6.756615106586695736e-03
6.756615106586695736e-03
6.756615106586695736e-03
6.756615106586695736e-03
6.756615106586695736e-03
6.756615106586695736e-03
6.756615106586695736e-03
6.756615106586695736e-03
6.756615106586695736e-03
6.756615106586695736e-03
6.756615106586695736e-03
6.756615106586695736e-03
6.756615106586695736e-03
6.756615106586695736e-03
6.756615106586695736e-03
6.756615106586695736e-03
6.756615106586695736e-03
6.756615106586695736e-03
6.756615106586695736e-03
6.756615106586695736e-03
6.756615106586695736e-03
6.756615106586695736e-03
6.756615106586695736e-03
6.756615106586695736e-03
6.756615106586695736e-03
6.756615106586695736e-03
6.756615106586695736e-03
6.756615106586695736e-03
6.756615106586695736e-03
6.756615106586695736e-03
6.756615106586695736e-03
6.756615106586695736e-03
6.756615106586695736e-03
6.756615106586695736e-03
6.756615106586695736e-03
6.756615106586695736e-03
6.756615106586695736e-03
6.756615106586695736e-03
6.756615106586695736e-03
6.756615106586695736e-03
6.756615106586695736e-03
6.756615106586695736e-03
6.756615106586695736e-03
6.756615106586695736e-03
6.756615106586695736e-03
6.756615106586695736e-03
6.756615106586695736e-03
6.756615106586695736e-03
6.756615106586695736e-03
6.756615106586695736e-03
6.756615106586695736e-03
6.756615106586695736e-03
6.756615106586695736e-03
6.756615106586695736e-03
6.756615106586695736e-03
6.756615106586695736e-03
6.756615106586695736e-03
6.756615106586695736e-03
6.756615106586695736e-03
6.756615106586695736e-03
6.756615106586695736e-03
6.756615106586695736e-03
6.756615106586695736e-03
6.756615106586695736e-03
6.756615106586695736e-03
6.756615106586695736e-03
6.756615106586695736e-03
6.756615106586695736e-03
6.756615106586695736e-03
6.756615106586695736e-03
6.756615106586695736e-03
6.756615106586695736e-03
6.756615106586695736e-03
6.756615106586695736e-03
6.756615106586695736e-03
6.756615106586695736e-03
6.756615106586695736e-03
6.756615106586695736e-03
6.756615106586695736e-03
6.756615106586695736e-03
6.756615106586695736e-03
6.756615106586695736e-03
6.756615106586695736e-03
6.756615106586695736e-03
6.756615106586695736e-03
6.756615106586695736e-03
6.756615106586695736e-03
6.756615106586695736e-03
6.756615106586695736e-03
6.756615106586695736e-03
6.756615106586695736e-03
6.756615106586695736e-03
6.756615106586695736e-03
6.756615106586695736e-03
6.756615106586695736e-03
6.756615106586695736e-03
6.756615106586695736e-03
6.756615106586695736e-03
6.756615106586695736e-03
6.756615106586695736e-03
6.756615106586695736e-03
6.756615106586695736e-03
6.756615106586695736e-03
6.756615106586695736e-03
6.756615106586695736e-03
6.756615106586695736e-03
6.756615106586695736e-03
6.756615106586695736e-03
6.756615106586695736e-03
6.756615106586695736e-03
6.756615106586695736e-03
6.756615106586695736e-03
6.756615106586695736e-03
6.756615106586695736e-03
6.756615106586695736e-03
6.756615106586695736e-03
6.756615106586695736e-03
6.756615106586695736e-03
6.756615106586695736e-03
6.756615106586695736e-03
6.489668239219542265e-03
6.489668239219542265e-03
6.489668239219542265e-03
6.489668239219542265e-03
6.489668239219542265e-03
6.489668239219542265e-03
6.489668239219542265e-03
6.489668239219542265e-03
6.489668239219542265e-03
6.489668239219542265e-03
6.489668239219542265e-03
6.489668239219542265e-03
6.489668239219542265e-03
6.489668239219542265e-03
6.489668239219542265e-03
6.489668239219542265e-03
6.489668239219542265e-03
6.489668239219542265e-03
6.489668239219542265e-03
6.489668239219542265e-03
6.489668239219542265e-03
6.489668239219542265e-03
6.489668239219542265e-03
6.489668239219542265e-03
6.489668239219542265e-03
6.489668239219542265e-03
6.489668239219542265e-03
6.489668239219542265e-03
6.489668239219542265e-03
6.489668239219542265e-03
6.489668239219542265e-03
6.489668239219542265e-03
6.489668239219542265e-03
6.489668239219542265e-03
6.489668239219542265e-03
6.489668239219542265e-03
6.489668239219542265e-03
6.489668239219542265e-03
6.489668239219542265e-03
6.489668239219542265e-03
6.489668239219542265e-03
6.489668239219542265e-03
6.489668239219542265e-03
6.489668239219542265e-03
6.489668239219542265e-03
6.489668239219542265e-03
6.489668239219542265e-03
6.489668239219542265e-03
6.489668239219542265e-03
6.489668239219542265e-03
6.489668239219542265e-03
6.489668239219542265e-03
6.489668239219542265e-03
6.489668239219542265e-03
6.489668239219542265e-03
6.489668239219542265e-03
6.489668239219542265e-03
6.489668239219542265e-03
6.489668239219542265e-03
6.489668239219542265e-03
6.489668239219542265e-03
6.489668239219542265e-03
6.489668239219542265e-03
6.489668239219542265e-03
6.489668239219542265e-03
6.489668239219542265e-03
6.489668239219542265e-03
6.489668239219542265e-03
6.489668239219542265e-03
6.489668239219542265e-03
6.489668239219542265e-03
6.489668239219542265e-03
6.489668239219542265e-03
6.489668239219542265e-03
6.489668239219542265e-03
6.489668239219542265e-03
6.489668239219542265e-03
6.489668239219542265e-03
6.489668239219542265e-03
6.489668239219542265e-03
6.489668239219542265e-03
6.489668239219542265e-03
6.489668239219542265e-03
6.489668239219542265e-03
6.489668239219542265e-03
6.489668239219542265e-03
6.489668239219542265e-03
6.489668239219542265e-03
6.489668239219542265e-03
6.489668239219542265e-03
6.489668239219542265e-03
6.489668239219542265e-03
6.489668239219542265e-03
