2.325193415568607425e-01
2.160706979466140432e-01
2.154965695235588341e-01
2.134767864663953407e-01
2.109106490846184845e-01
2.248722460607013585e-01
2.299428667625787182e-01
2.072591632791431493e-01
2.022774403814108779e-01
2.191522628623707725e-01
2.230972922383188117e-01
2.260283176245655445e-01
2.393466716019657659e-01
2.449333728802662868e-01
2.477715084524208244e-01
2.449722556403766682e-01
2.420839050443880369e-01
2.360461051637298691e-01
1.999905109892304023e-01
1.537663105464577018e-01
1.561986415040363674e-01
1.280578717116015175e-01
1.004135630886661829e-01
7.728909682952854465e-02
7.354958481372629586e-02
6.901439498523383176e-02
7.125894296310646137e-02
8.079096015430278777e-02
8.240163663040958597e-02
6.304084310059726581e-02
5.755668285171137988e-02
5.860253847986385961e-02
6.172785516972278952e-02
5.976287024912203122e-02
6.607711895855947204e-02
6.910396339190384707e-02
7.713255276722454090e-02
8.289625000349258588e-02
7.877492929630763863e-02
8.205675223992206502e-02
8.358489653347178638e-02
9.166564608904573253e-02
8.533517654422580201e-02
8.022287464136852730e-02
8.715809739184533778e-02
8.622818722605030128e-02
8.290914797930024061e-02
7.645027686734237604e-02
8.385785072682284957e-02
9.508176765337975067e-02
7.744116905375636462e-02
6.653482995216317142e-02
7.258243187398531748e-02
6.947581790768860011e-02
7.359253142016627947e-02
7.529492795983164233e-02
8.689042750664542625e-02
8.148272818628719827e-02
8.435812043120118064e-02
9.583653485095652846e-02
8.702529975886780234e-02
8.767587851717301151e-02
9.321000802346514347e-02
9.423479782783299175e-02
7.992169404700784352e-02
8.389968147909986074e-02
9.379583292132265271e-02
8.393099343584461969e-02
7.728185905903586783e-02
6.532753504923674570e-02
7.187154266679793291e-02
6.775056421355603320e-02
6.747509204439228192e-02
6.839421240464076124e-02
7.616370979912294448e-02
7.346144769238925620e-02
7.230034835262701132e-02
7.346870148305371939e-02
7.909486388675539270e-02
7.642690486191387744e-02
8.350428302673398862e-02
8.904095198001041322e-02
7.809377266842067178e-02
7.795093577220683911e-02
6.955680774253826526e-02
7.579051731329290720e-02
9.426242401046099062e-02
9.773134548581677294e-02
9.640184307761413829e-02
9.869345539941450085e-02
8.920122081679414394e-02
1.039717647483299756e-01
1.132948257307975631e-01
1.168291173510915965e-01
1.153386617591201230e-01
1.023084608342306745e-01
9.494082137852349890e-02
9.111926156101207708e-02
9.161212483008338014e-02
1.105189954257054796e-01
1.152514523677451719e-01
1.116260167872882014e-01
1.106736222408376269e-01
1.141730300324080571e-01
1.422943019721361890e-01
1.396768820711579151e-01
1.302976257848026953e-01
1.327434421583474911e-01
1.360320200500072241e-01
1.407390846089937864e-01
1.174302638980941893e-01
1.104539787492112013e-01
1.049248072502131229e-01
1.090495142622072561e-01
1.090919816716740820e-01
1.004435912481718568e-01
1.084851593145608750e-01
1.048261671680317392e-01
1.150696454418263792e-01
1.107267688435904368e-01
1.086870637463080713e-01
9.645537241626940539e-02
9.333658118691712247e-02
8.770484317801433005e-02
9.055201079053562530e-02
9.669486060926613114e-02
9.741399356593073711e-02
1.003450719935729679e-01
9.020704490906186757e-02
9.343067244581085284e-02
9.984273796132801804e-02
1.008961962092810721e-01
1.025326318898343303e-01
1.039729513673134653e-01
1.197397623345928946e-01
1.024981098288249848e-01
1.156955951925063009e-01
1.164227812176746590e-01
1.229890510491114669e-01
1.226778394965304941e-01
1.134609391613878582e-01
1.140697359876578082e-01
1.238819847775168015e-01
1.105258358107041594e-01
1.123672719172160162e-01
1.260222151044599614e-01
1.291254612155172399e-01
1.220845040567952594e-01
1.086737046902173792e-01
7.423521697476838377e-02
5.103448517926518352e-02
5.618845162391273435e-02
4.992861573384057422e-02
4.075574897442126726e-02
4.173818100342237269e-02
4.220949273167549226e-02
4.869871723938042074e-02
5.270910881979506968e-02
4.055947344654695086e-02
4.556193990486886308e-02
4.026107163555513874e-02
3.903918770197902649e-02
3.939689203431501890e-02
3.870551841090363182e-02
3.810407277582114616e-02
4.269929172811896129e-02
4.748770289666531808e-02
3.337197477912950266e-02
3.597043845441940529e-02
4.348483894875734834e-02
3.887766104960677788e-02
4.107304444244358477e-02
4.050408237487067298e-02
3.755507978643182754e-02
3.625815652764589891e-02
3.910829504265130735e-02
3.721798402467637462e-02
3.919310454509732783e-02
4.467111177927677451e-02
4.897621752471199852e-02
4.246635667941149606e-02
4.475493945546214075e-02
4.094757890298651032e-02
3.296991984796628083e-02
4.199220667664105983e-02
4.899395682681159658e-02
4.605641682569457801e-02
3.868296755471080373e-02
3.176921176824715892e-02
3.614570881809993363e-02
3.991408127192546534e-02
4.482783282127440760e-02
3.487820934903816672e-02
2.763910347282768493e-02
3.909732737890996013e-02
4.256662441730858781e-02
4.272449691281103579e-02
4.445843203665816867e-02
4.425741379984773904e-02
4.221668736430617824e-02
4.622973431293789237e-02
4.516503735972992456e-02
4.217518289636830453e-02
3.975750447832494816e-02
4.257964265612267790e-02
5.142952182990767618e-02
5.366816669410790636e-02
5.528824583120954539e-02
4.815865236094696994e-02
3.628653897418106233e-02
4.063553195784787297e-02
3.968588338783900216e-02
3.796807416983349892e-02
3.286164260619234972e-02
3.475880546103564395e-02
4.106057226316126713e-02
3.849831893561802415e-02
3.488708691404131951e-02
3.119285541725703645e-02
4.165511533660551380e-02
4.256163324717045920e-02
3.577643863993354434e-02
3.484237150977198549e-02
4.155904641178143066e-02
3.396104218608364533e-02
3.857282154266598873e-02
3.820118583715130522e-02
4.600797900197329399e-02
4.118221114966513774e-02
3.846870147397939838e-02
4.429850025247412948e-02
4.177396564067781259e-02
3.583391247464512430e-02
3.843513296389551581e-02
3.719425618477350398e-02
3.730045911788315571e-02
4.244748551978719947e-02
4.912343891770794974e-02
4.430725053828679649e-02
4.259431948918193656e-02
3.773540346341817259e-02
3.513138559231312325e-02
4.057241831449592134e-02
3.597798794385644733e-02
3.303431402004965156e-02
3.778950790595245190e-02
3.737729582046791371e-02
3.784228005420514629e-02
4.594389877770310715e-02
4.131281860154947805e-02
3.981673263895760956e-02
3.780339441204673412e-02
4.027085394258389517e-02
3.943753064898201238e-02
3.925378128216465423e-02
4.133513148293684047e-02
4.523067764058668477e-02
3.939977805810147143e-02
4.401118401093985499e-02
3.918994218690734915e-02
3.295694284410778663e-02
3.573336001594736022e-02
3.483171581423977897e-02
4.390387846186261794e-02
4.896353374495675259e-02
4.500493117127501996e-02
4.190577346404780745e-02
4.360782587684929740e-02
4.743656869438921120e-02
4.448097446582388592e-02
4.786286745851957292e-02
3.998309713179621500e-02
3.931274219974663364e-02
3.744858199416697259e-02
3.381609555802410350e-02
4.103231817885305555e-02
3.890848728556604158e-02
4.683814472137091262e-02
4.226355720342050287e-02
3.636497242657216189e-02
4.022821482391551046e-02
5.006065540513766204e-02
4.073877988939776651e-02
3.499196389118047756e-02
3.644168187658453767e-02
3.477971413803948586e-02
3.686749186706545639e-02
4.252594910012896107e-02
4.237582255322742270e-02
4.473862464817957713e-02
4.282678480150464012e-02
5.061334207326800144e-02
3.841020915339442288e-02
4.050958117391504493e-02
4.788625741245058215e-02
3.958108318472741693e-02
3.621917192498755322e-02
4.490539139265953272e-02
6.332760738985740434e-02
3.917872740995754360e-02
3.270725912840061894e-02
3.590168523402632872e-02
3.805999506570741792e-02
3.346988132437375696e-02
3.235918643725735344e-02
3.632894232892468211e-02
4.502288025183334014e-02
4.109051303108863379e-02
4.575146271490319189e-02
4.274052141852507231e-02
4.756964601726672986e-02
4.797315440272088144e-02
5.713031989197994015e-02
4.367161026096732374e-02
3.916962105006049910e-02
3.741494977850044062e-02
4.334609829125949526e-02
4.854366364350816421e-02
3.702867590806058901e-02
3.852976997716813651e-02
4.471869192954929656e-02
4.292093540280759317e-02
3.903254007277867643e-02
3.836523443421516189e-02
4.084502731897563660e-02
4.660009818308612217e-02
4.252139078428893854e-02
3.596157920036394812e-02
4.949487095478861953e-02
4.452870922982261198e-02
3.995897110095237431e-02
3.898067682132449335e-02
3.787254717240830237e-02
3.875069519138286261e-02
3.645546974401223800e-02
3.811301635037256386e-02
4.461994650209179930e-02
4.253045045198926982e-02
3.882250445462815530e-02
3.941289396810070123e-02
4.654463273969048492e-02
4.860558082894689269e-02
4.117997675939140401e-02
4.341885676667347344e-02
4.096898791797797673e-02
3.607328166092970551e-02
3.524418820298522853e-02
3.043246106282760863e-02
4.070012942665757194e-02
4.144163111771291541e-02
3.953320020390259371e-02
4.334240849083080549e-02
4.326673534139641869e-02
4.321941582927706776e-02
4.855329279861914094e-02
3.992882136465497611e-02
3.890223790793343600e-02
4.652197547854961673e-02
3.882021888641599278e-02
5.240953915938023622e-02
3.646852326534006511e-02
3.686133400565648477e-02
3.230035827241244800e-02
3.949671096842081314e-02
4.188447008407148592e-02
4.452281012573176128e-02
4.436155547557990575e-02
4.101326826383751983e-02
3.312418830912720880e-02
3.505229198635145815e-02
4.071650946573547591e-02
4.385455516612175864e-02
3.946740381643273898e-02
3.864900736157351330e-02
3.401324913767198033e-02
2.941799649419208490e-02
3.027088323126126204e-02
3.262976653520575226e-02
3.701180784267198154e-02
4.101953419505575266e-02
4.324910650876661461e-02
4.492507954595094388e-02
4.581081416358279840e-02
4.228539775094204006e-02
3.740989657070983160e-02
3.521655350378779387e-02
4.365525785552708260e-02
3.808423284868833053e-02
3.958265506063198685e-02
3.430760916436315783e-02
3.503238427059014726e-02
4.635096232678243694e-02
5.105623192686025574e-02
4.622040528031796935e-02
3.977142477507989576e-02
3.905777090804234131e-02
3.942791460969741202e-02
3.879380191621920049e-02
4.158741455011183419e-02
4.853432608224948763e-02
4.201939353019772116e-02
4.371252691241922506e-02
4.617690756667190699e-02
3.862695045515626702e-02
4.336498774921422605e-02
3.965008719228488993e-02
3.842111349467117187e-02
4.060411645162380345e-02
4.073411642888061235e-02
4.124382096885170074e-02
3.737743154075520019e-02
3.370622027046266816e-02
4.043448608877002470e-02
4.110106977375555665e-02
4.046115992551300999e-02
4.005525306364732946e-02
4.418317622759188740e-02
4.112992738182098124e-02
3.921858983702543322e-02
4.077384801765285283e-02
4.690767049446421116e-02
4.844988441351701092e-02
3.616604633000897184e-02
4.515339905943203253e-02
4.378518032395677106e-02
3.844863325986922625e-02
4.922725743232296558e-02
4.699603627371422288e-02
4.304518968043176408e-02
4.662545275630394781e-02
4.134943518510710708e-02
4.461351983390602488e-02
3.614669791049269360e-02
3.503930106949447454e-02
3.754559032080741210e-02
5.053667955223554997e-02
3.719135519816042790e-02
4.501735088255007927e-02
4.134982986880863381e-02
4.561764987494199702e-02
4.809697339022395157e-02
3.683679648611751234e-02
3.977244389903569072e-02
3.504670308948210078e-02
3.252199297883333340e-02
4.175810606205997144e-02
4.027252218393233274e-02
3.585255302967334246e-02
3.622576344854806785e-02
4.644992378361984670e-02
3.859469158589662330e-02
4.653523459259638340e-02
4.678665078946300099e-02
3.819550022249910276e-02
3.864991560141484150e-02
3.662059045232531063e-02
4.157112108362957109e-02
4.124671534126211903e-02
3.581687289151351539e-02
4.234286779913377236e-02
4.492824330960975415e-02
3.769248477504953676e-02
4.485924924179104933e-02
3.632046265024090753e-02
4.034350159351753062e-02
3.809573212888089228e-02
3.897079607825226083e-02
3.768702658083993018e-02
4.254475083504813404e-02
3.827495677931349455e-02
3.768712065919316984e-02
3.628154204626012763e-02
3.876167954455105730e-02
3.501107714762073664e-02
4.200177367704058251e-02
4.214277233912549353e-02
4.723546579629554765e-02
4.362049052790936687e-02
4.045782951055402338e-02
3.200628014252608622e-02
3.170772624078222607e-02
4.345666584429822704e-02
4.012525952004310226e-02
3.997929363325881946e-02
3.986593335414518463e-02
3.934077053745325958e-02
4.063661210077168517e-02
3.622152991719465587e-02
4.225789093682646297e-02
4.316994468316662226e-02
4.110176704575315559e-02
3.231870469373095828e-02
3.613896048714486386e-02
4.036639771795375031e-02
3.881965477595791802e-02
3.853384721106618838e-02
3.961341591122272132e-02
4.601521843938136819e-02
4.512237878949384995e-02
4.186516845686315269e-02
