5.930558406479716216e-02
4.899229187811612179e-02
4.666182783480777446e-02
4.479776275961777632e-02
4.153324739962140771e-02
4.234218401733409048e-02
3.952605063383315270e-02
4.478804446739219347e-02
4.419371648097691896e-02
4.220227661216988113e-02
4.680138582427333799e-02
4.489988074106637111e-02
4.232253212425379080e-02
3.612341532370848957e-02
4.388318161333114309e-02
4.034877594098874865e-02
4.049984979975319865e-02
3.818274208503259770e-02
3.843024978743929398e-02
3.857866166433002175e-02
4.178444194826926722e-02
3.978207627929210288e-02
3.805004324485578709e-02
3.859170858906579155e-02
3.930134308705820340e-02
3.602245069637958347e-02
3.948272065050295598e-02
4.144735947809149307e-02
3.704460530537224267e-02
3.699437981713493001e-02
3.009992317943320159e-02
3.572785671048430561e-02
3.644986819798918393e-02
3.755975284795729646e-02
4.033915194988705460e-02
4.125181540597812335e-02
3.534441653844500042e-02
4.014251420465712178e-02
3.590689817120867877e-02
3.802078267743422973e-02
3.490782621465366581e-02
3.449714816069387319e-02
3.210738436856794970e-02
3.907402968375852520e-02
3.553058753674695480e-02
3.119655649427892363e-02
3.594402800653462293e-02
3.020401078525353222e-02
3.704789102072382490e-02
3.810113043452020148e-02
3.336981232647791978e-02
3.288433228029286060e-02
3.752421741273384570e-02
3.227535616246644118e-02
3.354386357194900220e-02
3.648487408394798098e-02
4.008435368486341216e-02
3.298061795183425404e-02
3.470218203880392344e-02
3.407911050177162005e-02
3.683372862070730114e-02
3.489395679095295272e-02
3.516470798895451194e-02
3.795090120822582069e-02
3.964377767335186542e-02
3.412701405098829410e-02
3.823197496026482095e-02
3.640628799074014516e-02
3.385529010934704153e-02
4.081267046027929613e-02
4.077628091271697647e-02
3.678876450683606081e-02
3.304936966040403906e-02
3.218701507436479842e-02
3.501390629358442502e-02
3.615190533704466802e-02
4.241338756114450270e-02
3.975463534377447067e-02
3.941269009456239980e-02
3.390839273192473857e-02
3.630855976872976454e-02
3.704972224595116936e-02
3.540358409147683488e-02
3.508046104810301491e-02
3.757199745789768092e-02
3.832762080705955088e-02
3.518092443937504560e-02
3.550739991648422383e-02
3.533829248924627575e-02
3.842009524951443128e-02
3.627379281981747000e-02
3.563525742947783181e-02
3.696333718489806103e-02
3.680335621300798860e-02
3.640580884201129186e-02
4.084827755969117763e-02
3.926738092565701388e-02
3.779516420619253442e-02
4.005588565770180909e-02
4.016104329929699041e-02
3.343903772309561595e-02
3.816918216616108778e-02
3.760552635625134116e-02
3.996487232073781676e-02
4.188849174428784655e-02
4.010310681541026656e-02
4.143060712403928703e-02
3.960595580619277051e-02
3.316792241309177852e-02
4.106571157851828663e-02
4.195738001014302776e-02
4.393002672122336277e-02
3.966621953045772891e-02
3.686923816267583670e-02
3.583685067071768621e-02
4.189725290374287509e-02
4.144642807015757463e-02
4.232560558848221660e-02
4.136232576394111710e-02
4.064704278873431526e-02
4.190089434111447103e-02
4.021701444525927621e-02
3.930767818249063239e-02
3.883340396369130976e-02
4.021446658449821104e-02
4.221078371322504325e-02
4.257190724247749553e-02
3.749604298813601078e-02
3.979154591688067316e-02
3.541030265963524687e-02
4.172938600564599781e-02
4.251340945573551383e-02
3.629978876727325832e-02
3.917342406230850393e-02
4.162468981632005960e-02
4.032949158072637180e-02
4.437832224726800945e-02
3.965074259849696303e-02
3.822649264184969226e-02
3.927203528631960372e-02
3.240726939987776528e-02
3.994349153912905848e-02
4.214402814494100369e-02
4.423278455402682163e-02
3.642989902986634720e-02
4.366847426645588393e-02
3.891019916057369965e-02
3.780041683621823689e-02
3.868324046583835468e-02
3.283781813281776152e-02
3.880482870962568415e-02
3.258901897362936895e-02
3.416212892175634480e-02
3.892706634928725512e-02
3.273463140077220723e-02
3.648397548186468886e-02
3.006436966322904164e-02
3.479417770827333140e-02
3.520393580874810191e-02
2.987366687723751538e-02
3.138340719290188402e-02
2.788043839236634472e-02
3.354988933620738772e-02
2.958296714129650049e-02
3.411942626401995998e-02
3.088804694816585719e-02
3.194049167272230288e-02
3.514472468904064617e-02
3.227754660931748260e-02
3.154266997992456051e-02
3.224972037069608749e-02
2.934466969781524340e-02
3.587718157883985903e-02
3.286744605495883070e-02
2.794313704058665887e-02
3.001790349052417886e-02
3.076298342714248180e-02
2.880173977545264982e-02
3.511670502933848109e-02
3.399679975733883863e-02
3.277237126461891165e-02
3.496732880803114091e-02
3.588782869120404201e-02
3.371879719511497453e-02
3.850052638213504602e-02
3.859729205483437842e-02
2.799032797636240300e-02
2.694305192780289959e-02
2.416788141754508748e-02
3.007582869871358935e-02
3.585350010561069029e-02
2.874324130044760700e-02
2.989748555343628433e-02
2.926063483378531227e-02
3.390108042537789274e-02
2.954060022009465450e-02
3.118233385172728550e-02
3.438966437423019579e-02
3.312202669950578549e-02
3.304588155828931673e-02
3.283722982931031042e-02
3.327373597721647314e-02
3.238067261955503151e-02
3.101135924880191533e-02
3.361426781677836345e-02
3.296412876022002808e-02
3.062652944882879660e-02
3.112894318356186976e-02
3.060346729410307401e-02
2.503434562106577818e-02
3.178137641330883861e-02
3.357380428827237695e-02
2.687824602474641472e-02
3.102953764317214688e-02
2.896681607733050598e-02
3.560831365138966698e-02
3.641478549264438869e-02
3.351326809388324723e-02
3.039543100663454067e-02
3.489482325030086873e-02
3.136545305734882855e-02
2.988619379949030222e-02
3.208053968924413912e-02
3.197110069271554000e-02
3.154761839550029867e-02
3.286052079974079859e-02
2.939477550589527158e-02
3.229089791801802167e-02
3.337961041407111473e-02
3.274559498971187782e-02
3.717631823679607567e-02
3.566155015568186343e-02
3.350345353459534964e-02
3.066297675696495403e-02
3.661238169925913610e-02
3.090562798060836336e-02
3.189624097188718116e-02
3.466637632826984061e-02
2.935045375057515962e-02
3.288527850233224220e-02
3.382869729081001975e-02
3.438477156241851601e-02
3.854129125858317406e-02
3.847207858827124405e-02
3.011922094100181330e-02
3.317213274279728202e-02
3.364239089711789504e-02
3.348895855822526385e-02
3.433789494512144019e-02
3.175652648088610197e-02
3.047648759296304327e-02
3.409251198846708492e-02
2.967469351610736716e-02
2.627575830294181375e-02
3.280584124571965521e-02
3.193613818086466632e-02
2.908993507155492597e-02
3.357836393606913189e-02
2.928816661649865163e-02
3.344573748544247410e-02
2.956316695661552821e-02
3.619741654683645421e-02
3.081667823695218023e-02
3.523813642774131782e-02
3.519546124657668695e-02
3.261255693796187571e-02
3.506369548636262962e-02
3.325969841941999600e-02
3.594525691952044771e-02
3.301126373129526642e-02
2.824149439957069144e-02
2.936171685186154609e-02
3.303348001729868033e-02
2.975468215177598172e-02
3.833339851228929895e-02
2.888131532343423194e-02
3.533597085148601491e-02
3.440346437741261670e-02
3.322286702563986838e-02
3.603525042364037756e-02
3.198760867359609628e-02
3.189696981289655286e-02
3.796452494218947871e-02
3.839604446839462587e-02
3.990036812776898839e-02
3.176918287395161244e-02
3.112330752126953037e-02
3.302433999686396615e-02
3.459593218993272518e-02
2.830774657359087093e-02
3.240777250330092313e-02
2.881905437336696602e-02
3.369782755878926450e-02
2.972352816162841457e-02
2.979148940628445139e-02
3.207648550754620825e-02
3.122371716110852735e-02
3.669791453650735752e-02
3.427991700831319738e-02
2.822876985732940963e-02
2.755402217368823140e-02
2.941440500811629000e-02
3.190498237350761906e-02
3.316199191199193513e-02
3.010992530502802633e-02
3.425306401069158624e-02
3.476498751418269362e-02
3.180939751950020988e-02
3.327347135736790501e-02
3.250303245313668904e-02
3.257357737285591220e-02
3.502352489310081585e-02
3.257506683268746039e-02
3.770363968724455700e-02
3.688720452091167473e-02
3.335813290403803061e-02
3.451037143654370892e-02
3.374174636405249256e-02
3.141303982583869281e-02
3.818405299900579086e-02
3.355272113313293586e-02
3.672405075397926211e-02
3.506376848454012540e-02
3.752995439355207019e-02
3.140910380269772151e-02
4.299452798497307299e-02
3.441878053434340584e-02
3.442461834694505313e-02
3.155764209231321643e-02
3.657427618077312148e-02
3.054477834495149605e-02
3.230261944707935040e-02
3.089251704043109378e-02
2.657051004528344917e-02
3.229561645757812738e-02
3.024570527401348324e-02
3.588337163222141829e-02
3.406229694120298940e-02
3.346202469393546458e-02
3.359209483920300859e-02
3.006136111697385246e-02
2.973160512445489900e-02
3.249002685937463220e-02
3.392008668937616933e-02
2.995613220652610861e-02
3.499835777132173642e-02
3.100251291893828601e-02
2.805273697678515796e-02
3.158471988428869504e-02
3.301794787723164037e-02
3.304508727195772100e-02
3.417384097316113201e-02
3.252466189792515422e-02
3.260945501375046157e-02
3.646396414178249001e-02
3.532488119565645179e-02
3.269745414912917508e-02
2.882797105613362290e-02
3.138716508139220707e-02
3.503111518059832952e-02
3.302410197183662521e-02
2.996944420849914290e-02
3.039481593699417186e-02
2.859799351314951804e-02
3.412491770331471663e-02
3.154797677517243853e-02
3.734489286106165012e-02
3.060385642885600152e-02
3.204256744140856344e-02
3.264253642541015132e-02
3.512698894559964508e-02
3.679955907330623166e-02
3.139608823993968872e-02
2.888802304342646607e-02
2.479485566712885322e-02
2.855121645462506408e-02
2.762669412380459183e-02
3.150703903093720476e-02
3.072974173399847103e-02
3.744885054437983168e-02
3.467687974554487657e-02
3.585178678880476116e-02
3.372742562161443192e-02
3.142226151296375475e-02
2.615597962110288374e-02
3.021754858251305548e-02
3.368179677698390079e-02
3.332532907131790373e-02
3.238236238738090300e-02
3.188684118709429055e-02
3.123252319856505838e-02
2.879576292951331606e-02
2.748599549399644709e-02
3.749714780710569628e-02
3.220088670196109143e-02
3.302381299134187626e-02
3.493314192379979449e-02
3.317415937055199354e-02
3.470834905010697358e-02
2.907393390623439627e-02
3.200164799587999070e-02
3.085035536938039030e-02
2.987589834740018296e-02
2.853990838595497209e-02
3.278309536936556412e-02
4.171206082009563249e-02
3.150127275766447660e-02
3.495472506532764506e-02
2.932211941497980465e-02
3.206046201527089357e-02
3.451070238901603887e-02
2.998843085240660705e-02
3.476471671568515109e-02
3.150981481691628866e-02
3.313201087699952502e-02
3.218833109757424787e-02
3.432960711771895768e-02
2.912893200489766535e-02
3.191308717864208694e-02
3.409340988653060400e-02
3.766934905023557739e-02
2.993501142891135183e-02
2.847311729711506090e-02
2.824196427350948724e-02
2.926292135211842199e-02
2.809957122774686678e-02
2.975508945843252651e-02
3.552528159386191681e-02
3.462195212838675706e-02
3.581835408135380233e-02
3.473639062318679971e-02
3.549009754959425722e-02
3.160105221442722351e-02
3.015821603178022933e-02
3.120369480951492788e-02
3.508881750048383624e-02
3.858951992739750869e-02
4.118792044837989857e-02
2.877158960949641187e-02
3.625831682100143227e-02
3.905919455972103188e-02
3.289490604933812540e-02
3.216068772856726932e-02
2.961065944593791258e-02
2.891736504261999130e-02
3.135726562845272958e-02
3.247537499152661905e-02
3.563359226231949811e-02
3.582690098842853527e-02
3.121262249928155597e-02
3.181450784154535999e-02
3.470250124128742425e-02
3.215905204820952018e-02
3.083591692702240816e-02
3.330533706506733777e-02
2.685566460568842434e-02
3.402279316438610451e-02
3.108924707474639351e-02
2.961746429304065731e-02
3.311704081790837334e-02
3.552065124483749087e-02
3.456529962747351831e-02
3.348357175395987040e-02
3.273397172171817193e-02
3.471019364123417023e-02
3.362078470004990077e-02
3.387251397449792673e-02
3.269713576415593514e-02
3.366328952771684840e-02
3.018303043675772332e-02
2.507597013292535773e-02
3.208941384673259789e-02
2.648417912922229264e-02
2.724665393555528170e-02
3.379084863940243211e-02
3.319070875458164649e-02
3.493239314810238361e-02
3.172070769975180587e-02
3.724160912897802461e-02
3.426440518597164558e-02
2.976399368490846228e-02
3.146076616890450262e-02
3.168985534666837051e-02
3.747625335946926095e-02
2.981553130854636829e-02
3.249854623527278358e-02
3.384942016066144754e-02
2.869367177007134742e-02
3.083155624470652889e-02
2.637611357358941866e-02
3.262145304369648557e-02
3.425145244338564238e-02
2.817447579735457563e-02
3.177141846920379653e-02
3.309743819681932459e-02
3.464500498624793756e-02
3.297644600414068039e-02
3.102764257881516705e-02
3.581990865161728543e-02
3.103785896627749355e-02
