1.693639507529018651e-01
1.440023625844154276e-01
1.392711666018746630e-01
1.337520790329149445e-01
1.484128345236824520e-01
1.694144396741986691e-01
1.794702374743459838e-01
1.637847686945365644e-01
1.627878881681007472e-01
1.560966422141035759e-01
1.515057290856648142e-01
1.402720821803712381e-01
1.296122291788519842e-01
1.294816346035756460e-01
1.105628309240806184e-01
1.117422263027704338e-01
1.340924796454028289e-01
1.278300625721370543e-01
1.216630699726702070e-01
1.226562022148723063e-01
1.244642493413607304e-01
1.113002199842188233e-01
1.218817884454140993e-01
1.351116845526749988e-01
1.462111726744023676e-01
1.538961611569411581e-01
1.404333458354272146e-01
1.149771883695205610e-01
1.093319352837391067e-01
9.648949291665830097e-02
9.259619657854183117e-02
6.814838694492736382e-02
7.282735986579359777e-02
8.592565818056129012e-02
7.687440591320215955e-02
6.896503645490763279e-02
6.388546896679925258e-02
5.950073482493762472e-02
6.243513241090727084e-02
6.390854440915592904e-02
5.636694455742154164e-02
5.618505476352607386e-02
5.737219648641437436e-02
6.373788531158769421e-02
5.628513457594984393e-02
5.439820621946130780e-02
5.324127898649038543e-02
5.551372895466319402e-02
5.626891435688528842e-02
5.366673549301914647e-02
5.146568662119840182e-02
4.799593350395404967e-02
4.561768140646736691e-02
5.302809314976830724e-02
5.325150215876390397e-02
4.970589745048748648e-02
4.756229014272413819e-02
4.969942534850632643e-02
4.450543903544934565e-02
5.450651598277459625e-02
6.439439113529300818e-02
5.830344303272452094e-02
5.322230741999327275e-02
5.170072622206858121e-02
5.548842259783670627e-02
4.709082217929246028e-02
5.633539732717909865e-02
5.696456483939630472e-02
5.575363246018394392e-02
6.574476667046147416e-02
6.501394529585208248e-02
6.815421674449825828e-02
8.029989155605435358e-02
8.073718571672743038e-02
6.864362037370110026e-02
6.325410711801486563e-02
6.010632491098267388e-02
5.463927208273416936e-02
5.931558510451214600e-02
5.863960791834842839e-02
5.414923412032065370e-02
4.705842742019706454e-02
4.846364062939591960e-02
5.465080653389608328e-02
5.324714160739096869e-02
5.210519351570402219e-02
4.633365277727313075e-02
4.835775806127882298e-02
5.287464557744209204e-02
5.994336699378407379e-02
6.385849196188971011e-02
5.872390119252137580e-02
6.279606242560639706e-02
7.394465730246262136e-02
6.559452306099974872e-02
6.322299522909989589e-02
6.077680065139220988e-02
5.650211063218280039e-02
6.169700262334880392e-02
5.653044136416496279e-02
6.022902995579157426e-02
5.903452511425177907e-02
6.392654143327385075e-02
6.787671142008200320e-02
5.936465509521545586e-02
6.144909604946430931e-02
4.738817496579240951e-02
5.121221851975966965e-02
6.347320086592472821e-02
5.084312747408512717e-02
5.917291936880695463e-02
5.359333848749932294e-02
5.390162217070917916e-02
5.137079650009074988e-02
5.629093477141905444e-02
6.168425161840071502e-02
6.183667874002762160e-02
6.083721279452519032e-02
7.104176336212676690e-02
7.012049840196790673e-02
7.401877427527311926e-02
7.256398233694054400e-02
6.386293891522257238e-02
6.512072797505283339e-02
6.485494471624156376e-02
5.862655331248976115e-02
6.667202736800245666e-02
5.515840797031724280e-02
5.378516566064728971e-02
4.662173974619827216e-02
5.114483009962343674e-02
6.215205459240873836e-02
6.595622060388570129e-02
6.179993497704636823e-02
5.795936260468138868e-02
5.893279443435239795e-02
5.577459858901627487e-02
5.715030465125680442e-02
5.670022844702425624e-02
6.438711097395716232e-02
6.851893023097040125e-02
7.514322231095041382e-02
8.165441156800695710e-02
8.930280669801748950e-02
7.885281110389526227e-02
8.371991388421165525e-02
6.840036942072748316e-02
7.454764045244030579e-02
7.451124067825189157e-02
5.875701276551503760e-02
3.970254616540432741e-02
4.531172529555338446e-02
4.508262785493512281e-02
3.719889000216033276e-02
3.600219498399653828e-02
4.785614443465863871e-02
3.890499444577908555e-02
3.713701255277353924e-02
3.465172498942683393e-02
4.263656884130839070e-02
3.644286239000327915e-02
3.234308387631366216e-02
2.948196188662654052e-02
3.596694165301630303e-02
3.735752167464674589e-02
3.745637117018325857e-02
3.451329151894094033e-02
3.126027359790638921e-02
3.359465046971508301e-02
3.470121017868371682e-02
3.030984901235858273e-02
3.479564060452043639e-02
3.809292842946022245e-02
4.396175433243577207e-02
4.256354794649323120e-02
3.671110943493927775e-02
3.454857873423760467e-02
3.937287910333204383e-02
3.173013032037234199e-02
3.089402032800083950e-02
3.287240582176819553e-02
4.305328670880291531e-02
3.761946880857812425e-02
3.067054787708001218e-02
2.950047235441522614e-02
4.079888672879902756e-02
4.146662440993022225e-02
2.801656654428211560e-02
3.124084901978179882e-02
3.595911386478269078e-02
2.568721387428769126e-02
3.762326818854540983e-02
3.643715908844529644e-02
3.069914775012965585e-02
4.254255566932548666e-02
3.032667420334065819e-02
3.904240233238323587e-02
4.243978325312680600e-02
3.244415356043934412e-02
3.730377093978365366e-02
3.581051074433843490e-02
3.376447960350781319e-02
3.705230509239040154e-02
3.792880903295482720e-02
3.781388195049233125e-02
3.872085086014007832e-02
3.833019614342733639e-02
3.995468428010735124e-02
2.995836604557559901e-02
3.808226187197703838e-02
3.489515565996512830e-02
3.203229315583790149e-02
3.461400792112936942e-02
3.446647993720276110e-02
2.786333486997084191e-02
3.476946292106438546e-02
3.069760804153824282e-02
3.466145926695300694e-02
3.237015942904237359e-02
3.194995211151571701e-02
3.694013268299996267e-02
3.308526966041959450e-02
3.229991921910501523e-02
3.390967106402706377e-02
3.110000884217663242e-02
3.089272741442023254e-02
3.256421243183203751e-02
4.006819208938550148e-02
3.852827069393537085e-02
3.725942264007092719e-02
3.173750912880909242e-02
3.191693785865415411e-02
3.205603103510463320e-02
3.629758609596796248e-02
3.860572440386245835e-02
3.181537424979124368e-02
3.004804264805541886e-02
3.686401757801513468e-02
3.678443382637702069e-02
3.706093753913212302e-02
3.677527887895992720e-02
3.131244624155780920e-02
2.875899817007412582e-02
3.199100727096450963e-02
3.057691795297597798e-02
3.372045835281261422e-02
3.732691391048571089e-02
3.512600215119446312e-02
3.987399804982216800e-02
3.436793851770898744e-02
3.272605047794972105e-02
2.818118677441115022e-02
3.282265567181269494e-02
3.474157007151654208e-02
3.630604466006717712e-02
3.521757930276701171e-02
3.126856359027655602e-02
3.313223539611702406e-02
3.485374038515596379e-02
3.494123578602242874e-02
3.252204315610602442e-02
3.174547131099785674e-02
3.623615787067616112e-02
3.554597072678542663e-02
3.801704408722680201e-02
4.034134028049282672e-02
3.479273110767151095e-02
3.609401960396492470e-02
4.043757052498195975e-02
3.413347162152447628e-02
3.953167281271677269e-02
3.481056502273274789e-02
4.128124126740619765e-02
3.290494940190185486e-02
3.453092593729228943e-02
3.699768048283954419e-02
3.798966796728105166e-02
4.183282945711196826e-02
4.363639994824151241e-02
4.044829557351864446e-02
4.224901674357878223e-02
4.397518164867086216e-02
4.434252309405491144e-02
4.995395756499695916e-02
4.131127374706362182e-02
3.517244122812417800e-02
3.808851544194104266e-02
3.924332305976917928e-02
3.567817887694214873e-02
3.622037790341419566e-02
3.635165639180631264e-02
3.449793584706781213e-02
4.174536260373508390e-02
3.939776121062577713e-02
4.272905665685790971e-02
4.418530492501094448e-02
3.484761805678982666e-02
3.677025948945785577e-02
4.143609809278676892e-02
3.786530035256592541e-02
3.822993370338739760e-02
3.351264025825696075e-02
3.803124710166444489e-02
3.870192252192508620e-02
3.714656800969692863e-02
4.979957517628117586e-02
4.111412295722766813e-02
4.103934792083418354e-02
4.040904617693732298e-02
3.904100753206099506e-02
3.785831371344487023e-02
4.163814490191038165e-02
4.243213614139941525e-02
4.225042821030429441e-02
3.791218339122914838e-02
4.082256284174411165e-02
3.881326634623598337e-02
4.946982549841050930e-02
4.006387089390654743e-02
3.346627664998264723e-02
3.356070581594567531e-02
3.628706603618623433e-02
3.815776657206280259e-02
3.728435581013612304e-02
3.906726308570575984e-02
3.961694062997263982e-02
4.235479368159437291e-02
3.632501499508286602e-02
3.524556735703893162e-02
3.668010715178671860e-02
3.452386099112293716e-02
4.390945867989991952e-02
3.507761518584438104e-02
3.497719629516539419e-02
3.387447249951634071e-02
3.747507870204971892e-02
3.712855855821536877e-02
3.692199040076105110e-02
4.043376538805288495e-02
4.504402325880834529e-02
4.295853132880371461e-02
3.862487598203238198e-02
4.193299700100457106e-02
3.559716597799465060e-02
3.661408511095656099e-02
3.541472196370933079e-02
3.808655224258856303e-02
3.461797539735769758e-02
3.602637863716652566e-02
3.302966947088988720e-02
3.253156239709324021e-02
3.535421328964123699e-02
3.817950452416844082e-02
4.036302742734556442e-02
4.194817132343176685e-02
3.752672464770320793e-02
4.067987666439721456e-02
4.315244958588061730e-02
4.473892257194996697e-02
4.428320529181874882e-02
4.148792762188543287e-02
3.782133505963496123e-02
4.167062260052772915e-02
4.174871600099001184e-02
4.385389736451953541e-02
4.130665062315304337e-02
4.908121225554324535e-02
4.168150918399052274e-02
3.876857889191301365e-02
4.113129337935052254e-02
4.547914209256952167e-02
3.814916427250214515e-02
3.324509073680002175e-02
3.081234599738771895e-02
3.222361822729293696e-02
3.260682068226401081e-02
2.933177110227638829e-02
3.115208966838505303e-02
3.649394808564292852e-02
4.515096758697097201e-02
3.626396175351874474e-02
3.785238909940655955e-02
4.101556968841461176e-02
3.250717133492355554e-02
3.553950349989389718e-02
4.007436203839023076e-02
4.319762275557548215e-02
4.283561193845134701e-02
3.439280506284504713e-02
3.784769300703529765e-02
3.817891881976467894e-02
4.184132567894496835e-02
4.338872584972840868e-02
4.273855194205745944e-02
3.744629682318365710e-02
3.993514994053939254e-02
4.038132102313283373e-02
4.066502525900849568e-02
3.886450953848528261e-02
2.929629410127081862e-02
3.288649904659087658e-02
3.450564823443584561e-02
3.934439164871077893e-02
4.004398259905756624e-02
4.500198103286183471e-02
4.746687844681987678e-02
3.998215075508883970e-02
3.407681880852744816e-02
3.683828473251371527e-02
3.678860080937522425e-02
3.270125992041644780e-02
3.327281992880652683e-02
4.042117858528802149e-02
3.438018987011758065e-02
3.709450851212766492e-02
3.665483895590818109e-02
3.930231005163197650e-02
4.022769828505967649e-02
3.771346468781866523e-02
3.227177721027397334e-02
3.088662404210135159e-02
3.539679822748467708e-02
3.286853278878078266e-02
3.181521217388370154e-02
3.583157924666272726e-02
3.945430864850671404e-02
4.462115296620736832e-02
3.355239763772602246e-02
4.012422595972105210e-02
4.354953990698794825e-02
4.179991132428800826e-02
4.867962610728251982e-02
3.291758842666349383e-02
2.985320380808343527e-02
3.751790966859101795e-02
3.628335347099592711e-02
4.601599454268671258e-02
4.713023421046786537e-02
4.111693560378831130e-02
4.300906386677891963e-02
4.541378819015032958e-02
3.880953085437233163e-02
3.137259674971170503e-02
2.909300924762340743e-02
2.901787137331083427e-02
3.289709118835503626e-02
3.402807714392602767e-02
3.651835572889474552e-02
3.882314797572979786e-02
4.046443778523116375e-02
4.636583027919748135e-02
3.799707628779493834e-02
3.952944673960825245e-02
3.622153191460036198e-02
3.450193795448747852e-02
3.295361700351235462e-02
3.668190082529838858e-02
3.472538442964857863e-02
3.844982118821538980e-02
3.658059967717840200e-02
3.952818263839191076e-02
4.308123516338473874e-02
3.571815297764507902e-02
3.342925064661737833e-02
3.954739475422772849e-02
3.546855843574335532e-02
3.448164867100469988e-02
3.652918183762669802e-02
3.743970145677338879e-02
4.043737391677887372e-02
3.391937052884663045e-02
2.469835910196681653e-02
2.599690973703275634e-02
3.067049085051201315e-02
3.730221441389040826e-02
4.057327376746259345e-02
4.149294057115862633e-02
4.271030687088345212e-02
4.207812602500488747e-02
4.800686395464033585e-02
3.589349856922350451e-02
3.730593980751491234e-02
3.903110134686504917e-02
4.483284264439312689e-02
3.207199304873226131e-02
3.687538369408372568e-02
3.759253028395124346e-02
3.238467006183821939e-02
3.733131385276473868e-02
3.923200295514196745e-02
3.596040516776639190e-02
4.058254128552803153e-02
3.245952890505398453e-02
3.854481953839390684e-02
3.963326594221181637e-02
3.601746538857518443e-02
2.888200121762381223e-02
3.445590065178063405e-02
3.795775250992471789e-02
4.103574539998967874e-02
