7.353885175408295116e-02
6.449470254013892068e-02
7.604486858939644989e-02
6.852285412266259645e-02
6.478973250213689028e-02
5.389306084375469763e-02
5.759869714812195646e-02
5.523990588505411914e-02
5.924817377017332909e-02
5.362099433434930340e-02
4.880733133632814136e-02
5.174595478461860298e-02
5.061309465313432177e-02
5.231294207009583308e-02
5.708344164072504806e-02
5.952987924182466528e-02
5.757540294556982158e-02
5.790206661059135729e-02
5.629163330040842794e-02
4.333939756778124042e-02
4.318933116846524617e-02
4.364944992849992961e-02
4.798185735963049481e-02
4.152799917214893000e-02
3.888716859643374935e-02
4.330833844399796517e-02
4.207856218190512282e-02
3.859659250508688799e-02
4.262315000846015473e-02
4.474025819671454546e-02
4.184694963217329422e-02
3.189452985388613326e-02
3.838918957103839430e-02
3.302374399029835844e-02
3.594625413169269534e-02
3.641456527385507347e-02
3.579882356576070263e-02
4.062002870030064633e-02
3.422840921032892225e-02
3.509626921147287332e-02
3.392660281415928875e-02
3.753944995825325009e-02
4.500918979102833117e-02
3.887388677736071385e-02
3.187314477262655904e-02
3.027921516261519383e-02
3.782562480827156293e-02
2.924209176909250626e-02
3.441553413391058164e-02
3.754971148411376247e-02
3.344095076214154832e-02
3.680330029661359192e-02
3.555511306630852048e-02
4.041251541584800488e-02
3.595382541068216364e-02
3.943354929474752329e-02
3.290519138297972462e-02
3.442493124167773227e-02
3.920549141953876687e-02
4.136523316426879426e-02
3.914963362996975310e-02
4.368426999581852266e-02
3.159478725753980116e-02
3.539347583652303203e-02
3.790958793426037199e-02
3.586303903470832583e-02
3.536518207516582690e-02
3.856041978337127613e-02
3.812299407163449033e-02
3.646225300314773210e-02
3.911024037891404348e-02
3.696725677519182435e-02
4.143289959605185591e-02
4.015712271162259067e-02
3.597349456297092157e-02
4.477294125731608176e-02
3.664685710911921857e-02
3.690846387313572591e-02
3.619242300993292388e-02
3.592005890635752846e-02
3.774016253292223483e-02
3.920815783478732303e-02
3.823112620869468375e-02
3.640252541006522985e-02
2.998758543011177322e-02
3.191881845592779710e-02
3.449331391355115600e-02
3.519928198519454987e-02
4.085224455029204393e-02
3.858493369669152573e-02
3.277981325296218384e-02
4.208889187695056405e-02
4.171374803041637963e-02
4.117155631026911400e-02
4.218911370331804994e-02
4.121890396264134976e-02
3.966952288704611584e-02
3.707550697808594670e-02
3.707368583978516707e-02
3.604970556129693388e-02
3.767698807349217915e-02
3.821180050740302647e-02
3.472649845927643086e-02
3.859044098469705669e-02
4.081943374980113309e-02
4.016071220597450253e-02
3.765458851129821483e-02
4.180366930275244280e-02
4.780518325542985891e-02
5.019151065122608862e-02
5.081961298773948060e-02
4.929916443432000306e-02
4.560156071653122256e-02
4.321233527789483664e-02
4.339242216600523727e-02
3.773460260948689055e-02
4.142898294311511687e-02
4.120706006119746051e-02
4.440122566479690752e-02
3.962503322017695701e-02
4.187611511051043262e-02
4.051883798470808096e-02
3.863680767810567102e-02
3.793883650678651909e-02
3.911059137895684518e-02
3.921749381307382959e-02
3.303023499248529393e-02
3.594777141485740179e-02
3.671665046861866816e-02
4.039882573269082400e-02
4.090360616081910317e-02
3.805933744257000706e-02
3.618391983318494654e-02
3.966257805846625656e-02
4.125988503334696023e-02
3.355112333754532716e-02
3.768691917772704764e-02
4.023664843472787855e-02
4.249590805090749240e-02
3.762298384951614366e-02
4.105709048422008511e-02
4.238434831272012288e-02
4.617005197143606021e-02
5.421509903042815576e-02
4.746766733956438861e-02
4.890432361489667479e-02
4.459343005546134026e-02
3.418664525130369475e-02
3.753340595209943981e-02
3.449312543478670612e-02
3.153530099707292644e-02
3.695278338846583882e-02
3.579309545534985898e-02
3.465073710619125807e-02
2.852777804894710001e-02
2.686182960752371562e-02
3.352104050391791629e-02
3.694889772382171228e-02
3.532249278443209267e-02
3.286420885023630389e-02
3.345622465872219453e-02
3.314843996281176264e-02
2.917199569857245947e-02
3.625386211712981754e-02
3.115285630880734388e-02
3.149601210695069514e-02
2.895093777157152146e-02
2.619804936708738236e-02
3.086959323511478601e-02
2.913706036359933055e-02
3.348726742690155689e-02
2.808091817294859974e-02
3.065355746780263485e-02
3.654011613520515012e-02
3.130936698139679536e-02
3.374794244843017793e-02
2.989202199277848221e-02
3.217127963224053477e-02
3.432340415939947459e-02
3.655456853905567766e-02
3.176281957075934026e-02
3.854376694988164570e-02
3.092245266552591174e-02
3.303490634541494941e-02
3.313509459451734196e-02
3.664116848708045410e-02
3.490851232195796988e-02
3.023994254500440501e-02
2.927834652003236116e-02
2.875550862175800526e-02
3.124185363322753289e-02
3.391783176227670948e-02
3.097908019985825753e-02
3.310027607139115480e-02
3.290778316883679472e-02
2.790203348323525706e-02
3.238757529715086819e-02
3.434450199210888066e-02
3.569455809155146903e-02
3.307113883529601978e-02
3.453514914730256014e-02
2.934259944805124240e-02
3.533979291014052726e-02
4.053859378705580718e-02
2.544187287772875158e-02
3.190512928384128116e-02
3.178298317156176556e-02
3.314450307320591232e-02
3.260814562638111175e-02
3.205572067320364149e-02
3.622743932518947968e-02
3.635252129643724156e-02
2.805974473478631270e-02
2.993568899223522997e-02
2.465396316646815966e-02
2.761347646202531175e-02
3.313904662725299793e-02
3.613783982764857960e-02
2.901568132052596838e-02
3.146303674864244643e-02
3.228827066592699496e-02
3.314277062590230416e-02
2.488912281245497793e-02
3.017057073366156625e-02
3.211755572735323916e-02
3.266729271158584635e-02
3.266629292204687590e-02
3.458720887540947531e-02
3.042077805833984239e-02
2.888602047829202241e-02
3.425956048467393433e-02
3.227894096794448053e-02
3.313297288930584089e-02
3.310641707465124262e-02
3.258181644223798190e-02
2.809566168415583015e-02
3.021042352108443269e-02
3.287991568422465177e-02
3.164166123813753201e-02
3.114492949908587160e-02
3.041678699150920928e-02
3.050341968213088686e-02
3.339095634857566774e-02
3.477489783934994971e-02
2.839788220450070733e-02
3.294409589091075452e-02
3.168227230225251212e-02
3.061757366108238190e-02
3.416712532128209773e-02
3.335353835506774806e-02
2.885446805134052675e-02
3.137753157634353557e-02
3.255125770812011127e-02
3.066381996768511795e-02
2.761437442502715639e-02
3.023372644118037939e-02
3.283246215324472222e-02
3.071660419781436710e-02
2.895632423839262712e-02
3.365525436046758190e-02
2.953567152140358643e-02
2.986167400291056193e-02
3.134879632383052311e-02
3.267455247763010467e-02
3.059220797125671715e-02
3.588407771583096428e-02
3.257925543787204559e-02
3.127202594121077095e-02
3.429633913978525489e-02
3.287808184477909040e-02
3.733623926474027160e-02
2.571322571727149148e-02
3.513864811753944495e-02
3.170354748080819740e-02
3.174563791641517307e-02
3.118335738924897516e-02
3.712434359514975996e-02
3.187349125156779817e-02
3.297853065253446292e-02
3.039871416450276934e-02
3.436360630838841690e-02
3.385471101311160469e-02
3.460994717564039314e-02
3.172047335756529585e-02
3.452124563535465679e-02
3.590507799246159953e-02
3.317218821180144966e-02
3.572592106536704587e-02
3.368604763906907912e-02
2.975099346419560892e-02
3.322717787858014277e-02
3.262607853871435371e-02
3.217332773309298372e-02
3.269801484294544008e-02
3.335348799435697287e-02
3.390906958241333979e-02
2.930180513454256480e-02
2.533048002455245279e-02
3.033799432618824315e-02
3.385202281720060130e-02
2.803897978802705887e-02
3.142719908168606358e-02
3.711671227635134768e-02
3.268616014854750645e-02
2.837216459240784333e-02
3.889450694730482716e-02
2.821775640711886302e-02
3.103603197987828133e-02
3.245113324848405284e-02
3.574534740894173140e-02
3.683191270965713998e-02
3.358869947984015336e-02
3.571383708883463237e-02
3.335996582989830817e-02
3.148302213448560261e-02
2.897765260327126238e-02
3.440819291347221170e-02
3.340117430547905747e-02
3.111095363999483512e-02
3.611202483481298908e-02
3.030910817395361320e-02
3.856141646802795087e-02
2.815232000954562622e-02
3.232857504870254722e-02
3.424867153811700371e-02
3.464514293355672181e-02
3.209228367477059279e-02
3.021653967152934314e-02
3.146745796078278395e-02
2.916009401604224838e-02
3.090620451607543895e-02
3.356467292740009101e-02
3.040477336057504157e-02
2.760502238854014787e-02
3.002653940234732352e-02
2.857585956269810545e-02
3.279831210063684915e-02
3.723499866662315083e-02
4.688589737562207094e-02
3.071607277863995511e-02
3.209602973443638485e-02
2.856799963725803471e-02
3.623431018981527335e-02
2.997703694595356405e-02
3.153745123431910685e-02
2.779712799327036660e-02
3.032146366677616889e-02
3.416039260271484801e-02
2.978494158561991248e-02
2.325204390986555444e-02
3.221422909977272875e-02
3.274317778812046303e-02
3.192495029225643488e-02
3.323422315543673317e-02
3.853441182344272131e-02
3.452794926627342914e-02
3.837690129498018410e-02
3.676978014327573346e-02
3.303818193121559749e-02
3.796368113391795918e-02
3.211470337398509428e-02
3.549621030785501258e-02
2.683367622260626403e-02
2.958404584640216689e-02
3.248535022692847218e-02
3.126670018217608815e-02
3.487232439638542070e-02
3.480530920087852170e-02
3.346489048459310583e-02
3.138953555148103758e-02
3.486748731611252067e-02
4.027631433817207424e-02
3.410438987771038238e-02
3.019775056204718200e-02
2.719485327018476839e-02
3.033003897333849674e-02
2.596983378088112138e-02
3.539585602005410753e-02
3.213153774569207227e-02
3.424209354152892709e-02
3.130399261372122238e-02
3.524884207448379658e-02
3.366082007816349059e-02
2.976305650103621553e-02
3.110589504049773510e-02
3.019915187639857918e-02
3.559073135570020585e-02
3.231023078281108213e-02
2.867844525854793339e-02
2.854894386015077723e-02
3.207219425760906434e-02
3.224327321597526136e-02
3.101760689702911383e-02
3.215333584448654830e-02
2.596905630741856361e-02
3.469708443167235368e-02
2.970749635856905629e-02
3.063612326108084566e-02
3.609389732306032134e-02
3.155929760408766882e-02
3.322211945370076580e-02
3.225790654693137804e-02
3.459948249344890758e-02
3.201587637258941632e-02
3.336691836271455519e-02
3.094037109264057700e-02
3.571567286928956780e-02
3.026221519315126784e-02
3.681755868098528922e-02
2.960171543004933362e-02
3.246207065372398726e-02
2.793346271065988429e-02
2.928369074463417834e-02
3.315395701158037334e-02
3.879952264556280062e-02
3.426953399229112213e-02
4.112379873581919337e-02
2.983344121835014920e-02
3.858499305994544937e-02
3.331268565326411801e-02
3.450831870765978804e-02
3.239950500261148947e-02
3.152612676873348813e-02
2.786027196412970905e-02
3.121265786504993922e-02
3.349853075246703865e-02
3.285898856560969666e-02
3.408333641338159165e-02
3.569089580526142724e-02
3.226934603830958204e-02
3.547844343042547144e-02
4.083677186429774536e-02
2.917580649675010490e-02
2.924225679184021959e-02
3.426618807424663959e-02
3.432614815718070672e-02
3.379493875218896048e-02
3.451899763729199960e-02
3.131490885643174737e-02
2.758483133226664538e-02
3.762038403720539131e-02
3.526078925273211373e-02
2.969794994380899403e-02
3.702327768635575028e-02
2.725979353535556982e-02
3.106829323161687875e-02
2.986667290529473537e-02
3.087721996303560007e-02
3.622613967449744843e-02
3.514302731017817510e-02
3.015550903483416728e-02
3.148542476770867932e-02
3.578648365944019083e-02
3.372069562619144090e-02
3.129768940625574092e-02
3.198580806285879208e-02
3.174210149867955078e-02
3.080745930593706966e-02
3.196645108494716725e-02
3.038247628268159542e-02
3.945184236875618616e-02
3.440306436100110110e-02
2.975519917358946179e-02
3.550426902275742591e-02
3.485107292795760342e-02
3.330899010515819825e-02
3.207669214683290387e-02
3.028645166141140030e-02
3.209170799994084944e-02
3.021841287896967140e-02
3.327198300836619466e-02
2.651527635271273137e-02
2.499603586384084933e-02
2.895820380409082698e-02
3.215273991441208040e-02
3.121015022382903417e-02
3.401664023023771855e-02
3.014994602725450806e-02
3.202730225969108169e-02
3.953083629956025830e-02
3.473289155809603651e-02
3.342958866127693218e-02
3.658790861201367123e-02
3.770445279410873651e-02
2.955201850687295961e-02
3.273444185769017883e-02
3.378187108392548960e-02
2.748081621080399745e-02
3.724309456652370037e-02
2.965081585744353682e-02
3.491863515899113618e-02
3.239979422028611833e-02
2.970099220965743622e-02
3.105812451959808276e-02
3.278067235397633811e-02
3.588164598380358394e-02
3.469688734396772500e-02
2.686469168006682881e-02
2.936953495475393486e-02
3.016481029916397161e-02
