3.023743621711539875e-01
1.487575842715958274e-01
1.833018070183817239e-01
1.560924958337090995e-01
1.210806898645857832e-01
1.135407115884736889e-01
1.223032433728020590e-01
1.405886424278679492e-01
1.120714364914754124e-01
1.175622147150447577e-01
1.327239170153109993e-01
1.339207436486196667e-01
9.624988156233729719e-02
1.015787045323474358e-01
1.242983537283131185e-01
1.230332722342108165e-01
1.123643565759996910e-01
9.035015258863106358e-02
9.560350155467253752e-02
9.732099442649566612e-02
1.217890025349596117e-01
1.275727604298816653e-01
1.291121794597832328e-01
1.265744612344124054e-01
1.179453051388997809e-01
1.244452321942997736e-01
1.231520507307893031e-01
1.408468215149957237e-01
9.887024959864969265e-02
7.811342087468137185e-02
7.965910959201377706e-02
7.467070080220553074e-02
1.119749485936172989e-01
1.093141476251830863e-01
8.442977592486651528e-02
1.001307252510997142e-01
8.223221316977183393e-02
8.338772310117455178e-02
7.544665938036240749e-02
9.203882339789316858e-02
7.827921686602107298e-02
7.149727028711035104e-02
7.593316805323331586e-02
8.220035550854278006e-02
8.104412465154733902e-02
5.879506543577470851e-02
8.646433432286726450e-02
7.785940582834142976e-02
8.812299159869874110e-02
7.747197555384083278e-02
8.035767178691879953e-02
8.065966996525304744e-02
8.116726133608051508e-02
6.379058058846520662e-02
8.147426950897755649e-02
7.470361862603491776e-02
8.097319192094022677e-02
7.636642911585274363e-02
7.329292970658117523e-02
7.435029078708929595e-02
1.012702983794858264e-01
9.293151407705757538e-02
9.089221965697329153e-02
9.094996424798644508e-02
1.088629050149813038e-01
8.195727102426436650e-02
8.478486000873088069e-02
1.171013206177049237e-01
8.299122702562612697e-02
9.229376217334053778e-02
8.726488901245176011e-02
7.896882981254511880e-02
8.369727088187171871e-02
7.884175529594157628e-02
7.459487352977918484e-02
1.028322933903975250e-01
9.861580012574798493e-02
9.360081759247929067e-02
9.246826600215928005e-02
6.776309201215111044e-02
1.031645659542669152e-01
9.797418774354313409e-02
9.634196652025521501e-02
8.195851112567752172e-02
8.602528591975761030e-02
9.265310092044862222e-02
7.619733712387682933e-02
8.028710190166733762e-02
1.002191696616180072e-01
8.483670307201761351e-02
9.247723459548941316e-02
9.199762888880093359e-02
8.385399735111284669e-02
9.660662914488153674e-02
8.935490416543942493e-02
1.242014714914154855e-01
9.918290324607469122e-02
8.040661339157753607e-02
1.158723133734763378e-01
1.146324807477263619e-01
9.103997134672166258e-02
8.362209948462702436e-02
9.693667396718787244e-02
1.225297375311548143e-01
1.178844557899012269e-01
1.010702591557265245e-01
1.250142318318699097e-01
1.033877912422473261e-01
1.002085739224962135e-01
9.970084858143092588e-02
1.007113611328744884e-01
1.008415345189852541e-01
1.185736231811207742e-01
1.029590968846208904e-01
9.858342275714294944e-02
1.030368226631088180e-01
8.474487878428489662e-02
9.619912001973329740e-02
1.180296655993324784e-01
1.083775684457943256e-01
1.074822260910074240e-01
1.111183554939419449e-01
9.186086920709915504e-02
9.475882677399996568e-02
1.188180414797137679e-01
1.018325582040315036e-01
1.022132048768431140e-01
1.015190719495404348e-01
9.968745364317921354e-02
7.952461522960657669e-02
1.187514393057723383e-01
1.141510805410847623e-01
1.000954536159260888e-01
1.149954445964888050e-01
1.103395194761805503e-01
1.070929025678448443e-01
1.354947870016376121e-01
1.103231463698503695e-01
1.136090329778987745e-01
1.240757294987002435e-01
1.021463802527886322e-01
1.137430401260036694e-01
8.902227561216378982e-02
1.060038555878221878e-01
9.526962185910864411e-02
1.235424703259201812e-01
1.278200476398272112e-01
1.103564194290812539e-01
1.224645053583259258e-01
1.062846584642081482e-01
1.078053854433270731e-01
1.132678157962251214e-01
8.760954310092472497e-02
8.142476206212620471e-02
9.482763189848290863e-02
1.301659315845781484e-01
8.192231951914383248e-02
9.351133390938316803e-02
1.195413906073107685e-01
7.507018733561239554e-02
8.929057887461540333e-02
8.904962666458889065e-02
8.787813240504385726e-02
8.830520022564210258e-02
1.091441958338697643e-01
9.312091906928478269e-02
8.227710030700220722e-02
9.445137243491336099e-02
9.466857435216402550e-02
7.481990668620283613e-02
8.759255736087086242e-02
9.199963435882818619e-02
1.057998704432337594e-01
8.515004578761294074e-02
8.323325214200938404e-02
8.141497402674588435e-02
8.785723546452585409e-02
9.651110020911081444e-02
7.517951677201120675e-02
8.798664035971760777e-02
8.452276931726829257e-02
1.170577850405873227e-01
1.153157632469601901e-01
9.898466381678067139e-02
1.177022816455391280e-01
9.860931454501882520e-02
9.477838155682069554e-02
6.546357667434891947e-02
6.789377178095154508e-02
8.105672359262888760e-02
7.658453119885538785e-02
8.608486453531161153e-02
7.476777433601977663e-02
8.033442387833336640e-02
9.948023059601920903e-02
8.262379386957086069e-02
8.965874108722649005e-02
8.960063552426118794e-02
9.866970134588572139e-02
9.757374171176344535e-02
7.976975496339669403e-02
9.804828648356306298e-02
1.048748737654509045e-01
9.696194853111624046e-02
9.282087636400546127e-02
1.111134365238483357e-01
7.804282851796412457e-02
8.142744632769392810e-02
7.218451925203356323e-02
9.735249558384180546e-02
9.053459008438147215e-02
1.120761484966835975e-01
6.544673684355702126e-02
1.023807399089338155e-01
6.492264309034162517e-02
1.041248057124832399e-01
8.945820760122379089e-02
7.479566841267719368e-02
7.555186860761139989e-02
9.479644191220737426e-02
7.170180240196483146e-02
7.558129582944217439e-02
7.348193505591982255e-02
6.755593922741499890e-02
9.488110528896778750e-02
1.024471567377602116e-01
8.307829941926643535e-02
1.119466348270343886e-01
9.594896780145158177e-02
9.349333057433462102e-02
9.402600077913024490e-02
1.033390279314252008e-01
9.901263565614329409e-02
8.870269898317074964e-02
9.677061833827256543e-02
7.799207650657888347e-02
9.377375288400402464e-02
8.748482105637649109e-02
9.733979371974502137e-02
7.339931143672338842e-02
9.230732588435834607e-02
1.056779319692025126e-01
9.863658741643882566e-02
7.366959117382783362e-02
8.543382499172635924e-02
9.498074779974401138e-02
9.675151192000600031e-02
9.990175503641895993e-02
1.089120858553863369e-01
8.829021143984767950e-02
8.149209412287396204e-02
9.869892505074116806e-02
9.443263474602907326e-02
6.700879584902558195e-02
7.622236422108065457e-02
9.742180485934077983e-02
7.664873838273884854e-02
1.052218018867204091e-01
7.504752536783913797e-02
1.123139982720725155e-01
7.182786171407062881e-02
1.053314596309709306e-01
8.711122353204205082e-02
1.230742844953724990e-01
7.430801189691878250e-02
9.572666206696503477e-02
1.029464678414080542e-01
1.078177243498052162e-01
1.156202353256664400e-01
6.755090548620118485e-02
8.684258467129994663e-02
8.062262158498668951e-02
7.430805749480279276e-02
7.625001367258663065e-02
1.158835089581178313e-01
7.724701196727895569e-02
7.113017101263781339e-02
1.063744954153706679e-01
8.975927573825959183e-02
1.084589766509078262e-01
1.161475064667400747e-01
9.064321361509841690e-02
1.328779352760883492e-01
1.221415667761823892e-01
1.080038033411135218e-01
9.158198012451090886e-02
9.799978770318602816e-02
9.980414605179294130e-02
7.815688716046276241e-02
7.944539812122590472e-02
9.690015036078780675e-02
8.231820821902562091e-02
1.096897810391298800e-01
7.925927192289471124e-02
1.025944351401461840e-01
1.063700333862649949e-01
7.617416661942491563e-02
7.859670050046289880e-02
9.164903238736912816e-02
8.804564844659704126e-02
8.033834664047098673e-02
7.288266833105108700e-02
1.016293440675989923e-01
9.906371240441252946e-02
9.016751134598874340e-02
1.136013107027404601e-01
1.150570605653925271e-01
8.276143435019611694e-02
9.316791509134933480e-02
1.054524499290806494e-01
1.037385469061563731e-01
1.117429728876206674e-01
8.770250997763595624e-02
8.901606061464335806e-02
8.435061185045106269e-02
1.010865531208592905e-01
1.157695927153007120e-01
1.028988125363057837e-01
1.021651085222816807e-01
1.246067757617867894e-01
7.239141828390785460e-02
1.001273458655003029e-01
9.838501728970171223e-02
8.210253726136838848e-02
8.650798150654918917e-02
9.701295158882007608e-02
8.932556692544826871e-02
9.854839987948674218e-02
9.086978084310419479e-02
8.120976758315051613e-02
7.953508632875375128e-02
9.136684116651598575e-02
7.653605457699615144e-02
7.262615666312396967e-02
7.991625795222651041e-02
8.558007727504320095e-02
8.587994033344421851e-02
1.084585552584716450e-01
1.029759183010007240e-01
8.876817869102687775e-02
7.439053605204022646e-02
7.310440913649707273e-02
1.102066866565221959e-01
8.978892486186125510e-02
9.887475083531782616e-02
7.820753287399258291e-02
9.828909773677227402e-02
7.273071494099014878e-02
8.523859357259490344e-02
8.253779288704013450e-02
6.815955434427357906e-02
8.726600115654038758e-02
9.048327849991283367e-02
9.385767049030209475e-02
1.041689762025518329e-01
1.004040521617783621e-01
8.785186849500963013e-02
9.776334265525661593e-02
8.199455551626511074e-02
1.097361746568439322e-01
8.649946093926927371e-02
9.033063262602197829e-02
8.104255089742640195e-02
8.842159124767196010e-02
1.236713192823160334e-01
1.037219087908682613e-01
1.193895521281004984e-01
9.984781318111186910e-02
1.162041616165314789e-01
1.110362082456064353e-01
8.051186486438462186e-02
1.124393966371397130e-01
8.723980814176317267e-02
9.134011091971321050e-02
6.047859534393311420e-02
9.440101965608779788e-02
7.146511900782551163e-02
1.006973352923153514e-01
8.257966848217131173e-02
1.181641624504611021e-01
8.800285065983542987e-02
1.027334078647525600e-01
9.671205646134584111e-02
8.938733251912459044e-02
7.874791402966471732e-02
7.866367288885525721e-02
1.032232200387964011e-01
1.151343082280164992e-01
9.647603643213965852e-02
1.114154803733446442e-01
9.529185646089942396e-02
9.413318916851147466e-02
8.628051974710489180e-02
1.141888640740822830e-01
7.999186031988265999e-02
8.898011474092934470e-02
9.906330288920908722e-02
9.544109503999263777e-02
1.133422796226882939e-01
8.948823300459865515e-02
9.257709907753827738e-02
8.781770559410452537e-02
8.931802983723022282e-02
9.452001105101641432e-02
9.808490292232281693e-02
1.180122673355988999e-01
9.326775435929195168e-02
9.141793446156508407e-02
8.535255292753014811e-02
8.147347135153275299e-02
7.894420447219686887e-02
7.421283334192867176e-02
9.359141387417742319e-02
1.015801671121364519e-01
1.236699983783026008e-01
1.019843831440736398e-01
9.562537318756279825e-02
7.160516710296516152e-02
9.703185020299807950e-02
7.326659219026915304e-02
9.574892544006155526e-02
9.008434558839677198e-02
6.596086684778443288e-02
6.991181156313960865e-02
8.652394281884283334e-02
7.664577593113594545e-02
8.202339329567337467e-02
1.154197298282372275e-01
7.413510021965803720e-02
8.908738708930379058e-02
8.481750322652899243e-02
9.945347675032724377e-02
7.376573977176811847e-02
7.691682124809132159e-02
8.072528673881838868e-02
9.850735240806844650e-02
9.982716227568586009e-02
1.121232070702576633e-01
7.447879455125298864e-02
9.958430625382887202e-02
1.164094177769390698e-01
9.393183954122966139e-02
7.219711120740872345e-02
9.734586032957177892e-02
8.120694190712264560e-02
8.467416380988425362e-02
9.756983196336797837e-02
9.857958743147592073e-02
1.265221909163209146e-01
1.069945190098400417e-01
9.285813639928225394e-02
8.827316782665733941e-02
1.013504528588156650e-01
8.928275985503135448e-02
9.260323523317467997e-02
8.360801387868319057e-02
1.029646332443514833e-01
9.150107995445726228e-02
7.904599035221324121e-02
9.227208819667835626e-02
1.017652847086155388e-01
1.012013886171662935e-01
8.819236860425741509e-02
6.975630561402701435e-02
8.815117893729022824e-02
8.416829064160410989e-02
9.591997529260168354e-02
7.435018789157976649e-02
8.449828550513932557e-02
8.637295198972308463e-02
7.257683977951399912e-02
7.836163361699685637e-02
5.552489961840131882e-02
6.872968231899571900e-02
1.133258980525577719e-01
1.020877598773027584e-01
1.038420117774472573e-01
7.570502219974244162e-02
1.024797655173746158e-01
1.080738909946467874e-01
9.947429169272505034e-02
1.157714929971281337e-01
9.919312748712989791e-02
1.213460408303418253e-01
8.579371602173889444e-02
8.529821616336376311e-02
1.214719487436454332e-01
7.315876566019760552e-02
1.057787750049138942e-01
7.416546257615942717e-02
1.056413014604798278e-01
1.100860558547081952e-01
8.554929774120116626e-02
9.870409144282048242e-02
1.212061662486446229e-01
1.061365248659661004e-01
1.068436123021375417e-01
7.979932653602921089e-02
8.634810560288987136e-02
8.685906193156787969e-02
