1.336819320321606663e-01
1.183900137373211370e-01
1.193686081374094321e-01
1.151373705953976645e-01
1.164116158775148069e-01
1.226304826489972022e-01
1.266344630047199493e-01
1.177679705815315170e-01
1.171268047001654683e-01
1.177680440057483902e-01
1.175529346211462711e-01
1.157365588326554340e-01
1.154736318895514674e-01
1.157128412194115552e-01
1.148252406576394102e-01
1.141482842814901255e-01
1.185629093587784733e-01
1.149902441078727161e-01
1.040938660124370863e-01
8.958514299836031758e-02
9.140916599053289238e-02
8.069740447590309507e-02
7.708181303464163581e-02
7.313012228585456798e-02
7.448731729290515580e-02
7.556033632063813288e-02
7.331339290773543349e-02
6.895302512675043072e-02
6.785033180699526212e-02
6.031624350777625709e-02
5.552493806046493452e-02
4.859332799729041558e-02
5.234856820113599485e-02
5.406800631698474580e-02
5.480923273833534365e-02
5.393384513166116223e-02
5.304031545955736893e-02
5.578988193334699641e-02
5.283634227218812762e-02
5.477058713449627775e-02
5.219656752992657411e-02
5.497182474287973242e-02
5.495598679755911431e-02
5.547716910351886688e-02
5.271174106929217562e-02
5.052554127560143077e-02
5.248001994514920471e-02
4.785252709408790300e-02
5.289754755958563093e-02
5.609983626625821701e-02
4.892940469089356037e-02
4.605459900825591840e-02
4.781986093987376091e-02
4.879794565894284009e-02
4.908543064039033732e-02
5.022981219725365654e-02
5.186056567930318051e-02
4.964692568207637602e-02
5.069280823124830415e-02
5.644684862494288302e-02
5.685076328620947139e-02
5.613938708416725543e-02
5.329795267248818580e-02
5.481997527366261336e-02
5.324087056311418986e-02
5.024513918602223350e-02
5.593209682098310154e-02
5.396556651233808816e-02
5.125344392505033764e-02
5.208680629578130855e-02
5.419300231357025710e-02
5.241520056002053896e-02
5.556431321422563435e-02
5.536888397683889518e-02
5.394868275734485130e-02
5.441010035119121790e-02
5.286672948346834988e-02
5.119276819567451786e-02
5.350389052394072253e-02
5.122374110463615016e-02
5.292555986217666042e-02
5.308931487023649254e-02
5.004803089949702577e-02
5.102118219106779873e-02
4.759088305948466768e-02
4.953553752299606761e-02
5.256757878516507554e-02
5.419894636219359241e-02
5.636675642364863403e-02
5.891046283485112944e-02
5.552832971286587871e-02
6.010495381181994029e-02
6.369199334292960368e-02
6.718717179420782837e-02
6.488202684136230858e-02
6.189965939641577097e-02
5.866363146065470963e-02
5.562301084436833964e-02
5.760967473772978659e-02
6.081504641261609168e-02
6.164912703003113531e-02
6.176038114377602195e-02
6.173304712240981068e-02
6.515126368948123692e-02
7.109172064036015093e-02
7.034744928550173970e-02
6.419274909648314820e-02
6.634132144676309351e-02
7.011958164611339916e-02
7.070985857820583087e-02
6.734504406619590267e-02
6.431912709806347772e-02
6.102355241697780819e-02
6.012547105071716635e-02
6.115304731995401671e-02
6.043992459495058089e-02
6.329931226696530744e-02
6.229901140305915686e-02
6.796874005817279962e-02
6.527983581361740395e-02
6.662071186830151315e-02
6.243880179579432144e-02
5.878600149068399783e-02
5.739945290588625154e-02
5.868300336755805785e-02
5.918742286201369301e-02
5.992204079222399060e-02
5.723682359172090062e-02
5.512510173880212638e-02
5.396538514608379550e-02
5.840514005685414067e-02
6.090524942499883632e-02
6.024314027354455564e-02
6.115222211628364851e-02
6.514592494723532579e-02
5.882787979536226869e-02
6.338385880162941688e-02
6.336511922553908494e-02
6.510292004722322001e-02
6.598999240158084922e-02
6.386105731911403960e-02
6.788519953761434911e-02
7.346261911547520562e-02
7.456913152329415484e-02
6.877941234763550182e-02
7.557873171750603691e-02
7.025736496306994594e-02
6.715480164918936901e-02
6.485039794660175938e-02
5.008079332697197572e-02
4.026929026284203211e-02
4.276049482039032817e-02
4.124161699147047694e-02
3.788311060801503177e-02
3.475069635928455802e-02
3.835286056393063386e-02
3.779728046307662126e-02
4.039729920116591488e-02
3.643440675728849831e-02
3.773409611841276740e-02
3.538589146929562584e-02
3.310278748336770160e-02
3.290018473893035339e-02
3.512732233058656756e-02
3.518346925582380158e-02
3.563493048835469218e-02
3.572310596497502155e-02
3.149375560829097837e-02
3.317805719214168836e-02
3.471644486774123906e-02
3.373112446489075211e-02
3.332356822943196434e-02
3.628193746274334386e-02
3.773109907725789164e-02
3.451855212403064088e-02
3.489631260413623981e-02
3.310539204470873409e-02
3.488475076403064340e-02
3.646033782209676805e-02
3.760540153727684465e-02
3.496848833413948587e-02
4.032983048054446240e-02
3.634433226707364795e-02
3.259854281639405771e-02
3.578207500192716328e-02
4.125782602438136243e-02
3.760547038348629328e-02
3.097063214295005598e-02
2.911407218140159986e-02
3.273404000083855736e-02
3.317416222126284842e-02
3.627804351813603001e-02
3.304798354769450386e-02
3.017479053203345196e-02
3.711218666061252835e-02
3.258398308099479113e-02
3.633420209851810634e-02
3.890809541403101451e-02
3.637953803783608442e-02
3.640936967441878863e-02
3.735315600847229772e-02
3.538646309712636245e-02
3.673698837961356101e-02
3.730906663678437707e-02
3.486241632528053191e-02
3.875490768352726767e-02
3.860196886448145209e-02
3.987909409202117228e-02
3.533215783175169128e-02
3.286471678510688443e-02
3.588487583907783163e-02
3.541112553209663227e-02
3.188001821262390068e-02
3.207333729470061845e-02
2.906072989370129048e-02
3.476295632441015609e-02
3.468743977426341080e-02
3.479991352563154006e-02
3.074353179336497890e-02
3.499073186176613476e-02
3.578887241336155961e-02
3.297266818143643197e-02
3.102798830764402771e-02
3.440259722554640104e-02
3.218155628777845390e-02
3.374834061710321742e-02
3.320661667423137342e-02
3.823856947119657484e-02
3.587771757900286296e-02
3.433993489551355471e-02
3.686797202568831144e-02
3.540784865573957940e-02
3.363159248341273527e-02
3.462552822286991960e-02
3.624854468253327355e-02
3.202928075810965169e-02
3.365054816520355457e-02
3.838343712705439420e-02
3.552094983834412634e-02
3.592136625743304335e-02
3.468904165617433394e-02
3.283300576960508643e-02
3.531591602293222137e-02
3.530399291061053768e-02
3.053208377963203754e-02
3.440654872311827567e-02
3.500721823258100968e-02
3.426870360617681466e-02
3.858072927348220327e-02
3.519770548880307715e-02
3.296843469030272256e-02
3.286365618781712794e-02
3.382986520965601540e-02
3.277966974778136894e-02
3.399501040324466594e-02
3.468064385193722621e-02
3.460540961391572051e-02
3.420674539702549949e-02
3.427735381274676918e-02
3.530804245470996194e-02
3.114445611955822882e-02
3.338448046917305567e-02
3.330833706142465739e-02
3.684063452350486156e-02
3.819206176250423967e-02
3.846072652639016820e-02
3.608536387398849493e-02
3.605839246036124379e-02
3.952893381966922359e-02
3.612594791585568149e-02
3.824306848388682456e-02
3.246715118091549751e-02
3.719152790049773394e-02
3.295294025716325598e-02
3.460651448100521277e-02
3.452366784359395258e-02
3.733961742487072050e-02
3.873698245186582567e-02
3.802533870745909012e-02
3.581180814705849091e-02
3.720711163736969973e-02
3.994687946995417044e-02
3.941394377532063398e-02
3.876560982053434135e-02
3.804364234669294770e-02
3.440660405814421896e-02
3.481287576051936977e-02
3.762988330553228983e-02
3.658399531479284567e-02
3.475443564734505969e-02
3.620334789379800466e-02
3.663910270810428332e-02
3.650668176225294048e-02
3.558222134727866831e-02
3.844007286748748337e-02
3.743798579992447390e-02
3.289807806935711454e-02
3.592601136079429797e-02
4.234540420428640345e-02
3.478120510926337172e-02
3.163254869837582584e-02
3.256398239552141249e-02
3.627823420430770912e-02
3.450498897670957466e-02
3.199696108609753620e-02
3.981902211580057305e-02
3.727993678259064469e-02
3.624382261282532713e-02
3.797127837442311471e-02
3.750747720316612022e-02
3.870836245330616654e-02
3.955588091939305634e-02
4.196283998872536031e-02
3.924641099710361736e-02
3.636300777417172947e-02
3.514332453188846045e-02
3.776948224687785155e-02
4.128910245286256109e-02
3.490413506695016349e-02
3.657303111524239092e-02
3.553530676314538284e-02
3.862336716525025665e-02
3.510159878473180506e-02
3.637702992165147559e-02
3.639251643637402694e-02
4.096417743289713920e-02
3.784681216874932752e-02
3.423193805348030000e-02
3.694138459123089135e-02
3.673579664460617511e-02
3.398345373827556248e-02
3.718935696892596704e-02
3.356186318981470296e-02
3.197585598009296259e-02
3.316302452586350480e-02
3.360241497228346613e-02
3.760754719829136061e-02
3.768743411514411529e-02
3.990104797805964221e-02
3.719127121118800949e-02
3.791513872997610834e-02
3.638251539317305383e-02
3.795932770239646842e-02
3.572828659499946435e-02
3.476916411744494090e-02
3.357087234730778136e-02
3.366367925782205728e-02
3.181589150992132631e-02
3.452404238343317888e-02
3.268532309392499502e-02
3.433101974318157612e-02
3.640341013543840765e-02
3.647396301393660695e-02
3.735653035645245673e-02
4.137496002181902804e-02
3.682709411857201798e-02
3.766411750411000070e-02
3.881804406595990020e-02
3.699612211774343934e-02
4.242188519142881670e-02
3.577381405826180610e-02
3.503708089541139603e-02
3.279986825813515500e-02
3.485686658224062401e-02
3.808715884470854907e-02
3.716103442655833283e-02
4.141499624714255201e-02
3.702598576939063885e-02
3.435005628176047293e-02
3.505391433564829240e-02
3.904753195500429430e-02
3.976989821252555068e-02
3.455324316772070969e-02
3.213678174110871921e-02
2.955664407556963386e-02
3.022651815110491413e-02
2.829979555955584175e-02
3.267118781364553026e-02
3.409175885200135814e-02
3.946536146698387260e-02
3.637348515538786631e-02
3.846952437716151529e-02
3.855365738794382796e-02
3.399447177496638800e-02
3.255281868305108517e-02
3.392690400027241482e-02
3.903135218594666611e-02
3.663885116031716932e-02
3.375906694235146499e-02
3.314777180466087908e-02
3.412900513663223723e-02
3.730783103780399568e-02
3.823714004190355981e-02
3.965236021849191661e-02
3.384691615191080111e-02
3.667845456789899095e-02
3.611246847879977240e-02
3.581727745171513211e-02
3.781354261544109946e-02
3.461596292346059284e-02
3.503241500659233509e-02
3.533160926579170802e-02
3.749917001405794759e-02
3.480667945318955542e-02
3.862924562853904675e-02
3.994234938796024231e-02
3.640505246917851573e-02
3.497446887965753592e-02
3.592801981433985103e-02
3.492364980588678891e-02
3.426286612597791853e-02
3.122523344058392158e-02
3.622601803359434824e-02
3.503625786809245329e-02
3.737180049005074667e-02
3.579198927735521840e-02
3.973472303319050547e-02
3.507999972253211807e-02
3.685753369085791042e-02
3.511293019193038878e-02
3.749299057361522858e-02
3.654529976813113146e-02
3.225845579615957415e-02
3.326771186773873346e-02
3.502308469694696835e-02
3.487526097214745796e-02
3.911562210564313580e-02
3.753926297967093845e-02
3.837056589345025359e-02
3.956567319573882358e-02
3.834104514075184489e-02
4.240500383877013335e-02
3.246028626208338069e-02
3.107324442529959055e-02
3.513334571829000025e-02
3.905874967022400501e-02
3.889795210510840762e-02
4.196362579467245724e-02
3.563831598463127609e-02
3.811746547374724597e-02
4.254758504432517435e-02
3.595050566064002251e-02
3.325091958028091738e-02
3.269341236734979450e-02
2.942925573252993046e-02
3.427018902762114794e-02
3.416066180616993131e-02
3.472043024598080174e-02
3.677548802180095888e-02
3.831750284457768885e-02
3.673263468536840798e-02
3.768005922234685112e-02
3.856540830918024632e-02
3.474341117257832845e-02
3.443872000680634621e-02
3.210392003109621695e-02
3.600447914299840374e-02
3.446720153789854107e-02
3.396265236442917723e-02
3.560574614422553491e-02
3.985722989039883896e-02
3.743552098172722720e-02
3.595404328674636774e-02
3.449698851033346919e-02
3.736304072923425645e-02
3.512351634245808318e-02
3.485041271764694609e-02
3.429994896100849178e-02
3.643486245486980690e-02
3.477844350295494075e-02
3.248861108233283557e-02
2.989614783691806749e-02
2.905970106866173630e-02
3.047160643444471462e-02
3.631189416118638102e-02
3.677922627124969451e-02
3.941935993644857250e-02
3.705036278144978323e-02
3.795121673105700255e-02
3.845209639567458149e-02
3.302452751325255648e-02
3.641324012049864528e-02
3.685853120639755176e-02
3.999821060780749116e-02
3.282636905457419346e-02
3.536228558112498865e-02
3.646510840732746644e-02
3.119517198997705590e-02
3.691596390020535773e-02
3.460721926733538456e-02
3.615056510405179058e-02
3.488812316073268416e-02
3.161848934980271419e-02
3.543519006128738325e-02
3.608275781724135101e-02
3.626949089242322011e-02
3.404218761923873127e-02
3.459086333751099779e-02
3.706739372644744790e-02
3.602589578057357328e-02
