4.746376692024469879e-01
1.977203864948668677e-01
2.723899331969610316e-01
2.521758253643922032e-01
1.797364005804067411e-01
1.764142889837897188e-01
1.823160969704806511e-01
2.213585123693663781e-01
1.844519693704659846e-01
1.913852681847539872e-01
1.642186575454981645e-01
2.100371313198283185e-01
1.333557005049052779e-01
1.459512112160969710e-01
1.742768984706520585e-01
1.820927720540899131e-01
1.695710108445188657e-01
1.529908648896692869e-01
1.426436095435289209e-01
1.453515494606468228e-01
2.115789065346527775e-01
2.059276300046711250e-01
1.937980520700404996e-01
2.154655381476255904e-01
1.934977642998367831e-01
2.194497696611952819e-01
2.493541294737825764e-01
2.372464138218174368e-01
1.637298655113914037e-01
1.288891243024339051e-01
1.131327405016618465e-01
1.010553740270888484e-01
1.493364273503742234e-01
1.716976865440182076e-01
1.683317647621840607e-01
2.065970731717855502e-01
1.170106582974005521e-01
1.291264100019844097e-01
1.213188191378963693e-01
1.357748569596829435e-01
1.405691290494487655e-01
9.972532418441967805e-02
1.040668993633548089e-01
1.273163661762314047e-01
1.170579887759405496e-01
7.912501626968045099e-02
1.328983759084725047e-01
1.291798837128581845e-01
1.404742484942065883e-01
1.202879568995579435e-01
1.414072388847444073e-01
1.273165492297262114e-01
1.270545551476193469e-01
8.786704575267104134e-02
1.154061067355167669e-01
1.205832989525816995e-01
1.376444171639587544e-01
1.183624255437714795e-01
1.054491319680412181e-01
1.098041690789871294e-01
1.613382859082445331e-01
1.674336432559053456e-01
1.419338230931108114e-01
1.367941146717531198e-01
1.773465923259003041e-01
1.358013913302440756e-01
1.106590751715105375e-01
1.772186673954075364e-01
1.161885248151560968e-01
1.500919445046598188e-01
1.215247927380749549e-01
1.107072499682606598e-01
1.090628875955910182e-01
1.383219361072101361e-01
1.200719068993601341e-01
1.626295622564148668e-01
1.496271047225654349e-01
1.849010401234313927e-01
1.394417762968079011e-01
8.615192543151034554e-02
1.741406218674810547e-01
1.515188915764751620e-01
1.291631099601127652e-01
1.190001766439092723e-01
1.325916413712288633e-01
1.453704908333044166e-01
1.154361393727690310e-01
1.429653999044551982e-01
1.634803492939757852e-01
1.270588464875859747e-01
1.390084393689262066e-01
1.354664770002564633e-01
1.154773910715100604e-01
1.478185012312032975e-01
1.349416695246223874e-01
1.953913704971238785e-01
1.475915219213637941e-01
1.132643729223621748e-01
2.003206767273225386e-01
1.873073884809458023e-01
1.466198922952754446e-01
1.081610792734617743e-01
1.470177186566957450e-01
1.788512114763920191e-01
1.677495519939686541e-01
1.339703762720033942e-01
1.692536116924287515e-01
1.398683757182199172e-01
1.506301149454225552e-01
1.475637630417325763e-01
1.606643552840428535e-01
1.730919500042268633e-01
1.757013035027754078e-01
1.439285319444646993e-01
1.460182844874730601e-01
1.928123869214167230e-01
1.268361859563607863e-01
1.484455733560876844e-01
1.695365469411488912e-01
1.687985958322965607e-01
1.319948609604835177e-01
1.665394481544892058e-01
1.190560547005008601e-01
1.601529790474333359e-01
1.796351058865584549e-01
1.543109892433260355e-01
1.573405444254048491e-01
1.546916461519419195e-01
1.432222771195211797e-01
1.151704982155399293e-01
1.801559826498717598e-01
1.655614628641864372e-01
1.391377523076986200e-01
1.803969979431585824e-01
1.730773352081931837e-01
1.546322432084500931e-01
1.865662355863505761e-01
1.853466921439657078e-01
1.681281189674736776e-01
1.907331578148012963e-01
1.312990038968292750e-01
1.702803923117409413e-01
1.281533696078723250e-01
1.382566679398923304e-01
1.376625121159951171e-01
1.874914889329012402e-01
1.845490886050433210e-01
1.576832430592494394e-01
1.851301534497050705e-01
1.759180904849319549e-01
1.630997454776571542e-01
1.869551239795412267e-01
1.346342710061166903e-01
1.369547794651610195e-01
1.554548313102329660e-01
2.196687751106766451e-01
1.345781038714246036e-01
1.588582277859690028e-01
1.914121587162025684e-01
1.372866910026631637e-01
1.434240932809615898e-01
1.659661713571475017e-01
1.392299749057305247e-01
1.310985876303078501e-01
1.693412514191617313e-01
1.638250306973079717e-01
1.605775751662946171e-01
1.568005373703815208e-01
1.529923251316333555e-01
1.227792661264939661e-01
1.496916638180049997e-01
1.482692882768307518e-01
1.984919900655032210e-01
1.444619283856763414e-01
1.419684101823940614e-01
1.564869474239053981e-01
1.620595037948355244e-01
1.539320640046694666e-01
1.170405993664108690e-01
1.630594349088071437e-01
1.728687890011162132e-01
1.703098277707831287e-01
2.011703978482625721e-01
1.869445932091159945e-01
1.783459238075934539e-01
1.643742597128479699e-01
1.592298216155988155e-01
1.165435452864285182e-01
1.070313520773849281e-01
1.383791080911352389e-01
1.360757910191487119e-01
1.288217285193802852e-01
1.171553229327780971e-01
1.231089085354015178e-01
1.602542401424729146e-01
1.363055876870458705e-01
1.451985196500685249e-01
1.353832123894425643e-01
1.405261852165336500e-01
1.701563882108783343e-01
1.361162398161930021e-01
1.626313364893808011e-01
1.578342422518658750e-01
1.572011248267847217e-01
1.449336451274478021e-01
1.947049784823809693e-01
1.312258045224587721e-01
1.221052190944371535e-01
1.214234443828821619e-01
1.736237997540143740e-01
1.515905722096475838e-01
1.715866532648861187e-01
1.225480214238592186e-01
1.829357484267129241e-01
1.235106183109641320e-01
1.705896795624449735e-01
1.476562553670487388e-01
1.351764546455049565e-01
1.267788391214436372e-01
1.440259404386366460e-01
1.126306275863786649e-01
1.570878516225073795e-01
1.179420143050438352e-01
1.242898472831283213e-01
1.767517243332587529e-01
1.442737478583122901e-01
1.447481812907332466e-01
2.024314503512301966e-01
1.657686891219763980e-01
1.411333118774165396e-01
1.808862216247216215e-01
1.466794363441526194e-01
1.694626474270759797e-01
1.439316369982539534e-01
1.781519562121742783e-01
1.218280065965978987e-01
1.427924010584240011e-01
1.209004050002746855e-01
1.669907203583611000e-01
1.278992610322604306e-01
1.610643355215140848e-01
1.670812644235464828e-01
1.544387059829713527e-01
1.269120325054846343e-01
1.488342497286986865e-01
1.832194851861520257e-01
1.570435797365009323e-01
1.512712809401694225e-01
1.817860305910056207e-01
1.699798772047654560e-01
1.470204013858582015e-01
1.818664139402973168e-01
1.409885341431457439e-01
1.233355143456982272e-01
1.587530838004792832e-01
1.702682606375093277e-01
1.207551969012971294e-01
1.660991426060252352e-01
1.293412765265579967e-01
1.761324437816933208e-01
1.151879919299012012e-01
1.622262450919569332e-01
1.481525705987048191e-01
2.016041374062969294e-01
1.381654131298241661e-01
1.406304779599014954e-01
1.578337032595857337e-01
1.610750754520066663e-01
1.877190629183646819e-01
1.058979598989014254e-01
1.498472375397279788e-01
1.477651267242508781e-01
1.279249122612480805e-01
1.209242970464380201e-01
2.162636388691015488e-01
1.256584439682980059e-01
1.068473862762169824e-01
1.788259846970895184e-01
1.521142932463706021e-01
1.970951080203676153e-01
1.741326113132245779e-01
1.366565883578932661e-01
1.989761860565448237e-01
2.040679720621029480e-01
2.099078773535316689e-01
1.602909282691696857e-01
1.542435024637735519e-01
1.637106213423491774e-01
1.455301026926918428e-01
1.483260970163539916e-01
1.563423389150744303e-01
1.470891477963727767e-01
1.683678928282078824e-01
1.278588968018889160e-01
1.614489761252461408e-01
1.751264575396503653e-01
1.224217734108113131e-01
1.362094671491533293e-01
1.487495790965788489e-01
1.387635260044425001e-01
1.238165651636005671e-01
1.292075120153496071e-01
1.921722817060132760e-01
1.426738162148894762e-01
1.509017323598766669e-01
1.937451750925078264e-01
1.745823686690044785e-01
1.381441531219799179e-01
1.705493702237581566e-01
1.695585502516983589e-01
1.894766954128204173e-01
1.783583566992600900e-01
1.521790919233229622e-01
1.609907861544112584e-01
1.624437436389643830e-01
1.831843372278766369e-01
1.914941575320823763e-01
1.839315693848667388e-01
1.507626231804070349e-01
1.971148332192053931e-01
1.271927353184109655e-01
1.555210127390234953e-01
1.680885740337563772e-01
1.341418267835609024e-01
1.698359088094007763e-01
1.462341706788705398e-01
1.417194806497848458e-01
1.642037763805713202e-01
1.607217847769075170e-01
1.377310498371707437e-01
1.289468339507121586e-01
1.595010278199399389e-01
1.377309513619311421e-01
1.162039657774617540e-01
1.413187427867987900e-01
1.713221365692856324e-01
1.274101823390022259e-01
2.087455026267199809e-01
1.616825856157143027e-01
1.582723728450126932e-01
1.196735517961297346e-01
1.322654564199220728e-01
1.750200682149452847e-01
1.560130731616989896e-01
1.574111682166830228e-01
1.384967895342274213e-01
1.538318017372467539e-01
1.284634266928973145e-01
1.561086655698957215e-01
1.455362428227363336e-01
1.103477355675065857e-01
1.415002898251111474e-01
1.431364574226092479e-01
1.519851925387105673e-01
1.607213539946966419e-01
1.709537772887202156e-01
1.484424925188839728e-01
1.692613571477582235e-01
1.371026347443490834e-01
1.770157507357944804e-01
1.596164141385425228e-01
1.445582458740681808e-01
1.643924435138649220e-01
1.577142192359553274e-01
1.894429909789287214e-01
1.518424028468159104e-01
1.661290216990579105e-01
1.632324818176741077e-01
1.869084632999436224e-01
1.981826678374322970e-01
1.313452702796366889e-01
1.738894904657680707e-01
1.463729227173961311e-01
1.649945127508015419e-01
1.238195159370367587e-01
1.755839506513081627e-01
1.310003014028302826e-01
1.648059667372659409e-01
1.453498472680783693e-01
1.614347138249410674e-01
1.490026133168241285e-01
1.708457035696293591e-01
1.520412269178098574e-01
1.677798727412358748e-01
1.463630538838778250e-01
1.322280188364466924e-01
1.642144609238128661e-01
1.979310723983531417e-01
1.616203618509327034e-01
1.893362940240591041e-01
1.801322070181997637e-01
1.535158809312344996e-01
1.460419325956579528e-01
1.981492528114215668e-01
1.281389439824966725e-01
1.477121707078506152e-01
1.528830229082921710e-01
1.733363116964005413e-01
1.749887652885692424e-01
1.329177706089854361e-01
1.670063239242954023e-01
1.766241590092889890e-01
1.439795361843379251e-01
1.454693565354441831e-01
1.497045141224954135e-01
2.219660967346513969e-01
1.335938932239139065e-01
1.335672231853110015e-01
1.299397347712132056e-01
1.403406476759848920e-01
1.316122605214753438e-01
1.469369215489875480e-01
1.904483031104732549e-01
1.844115028358046526e-01
2.050712762879030038e-01
1.684108491695755772e-01
1.440695201295568439e-01
1.141274347109034054e-01
1.689280774079372216e-01
1.355178185847977779e-01
1.778423029527186339e-01
1.419440346467948921e-01
1.212846968344676590e-01
1.391905768865749626e-01
1.408941747991401816e-01
1.231254066078323606e-01
1.276070927807333999e-01
1.909549887471344576e-01
1.166367583996121005e-01
1.321315961087345392e-01
1.300372988613603120e-01
1.573089681305907261e-01
1.304742719450408817e-01
1.352466277652596693e-01
1.264309480976615607e-01
1.488884693723518671e-01
1.776600996144326039e-01
1.673531230676841841e-01
1.249604379197921250e-01
1.531950359902508052e-01
1.648242065045637250e-01
1.755050102892563024e-01
1.234991965523587754e-01
1.755800962224371708e-01
1.528299309427301189e-01
1.397021435156602376e-01
1.865044011634984789e-01
1.723255324767190011e-01
2.046592041852033084e-01
1.621590653186333608e-01
1.570324275809825421e-01
1.486244709601004521e-01
1.684039958586475427e-01
1.645762962297590004e-01
1.459802838293938754e-01
1.320049600416979829e-01
1.620189695940601748e-01
1.740436075990929310e-01
1.486371831392846177e-01
1.377260838619184802e-01
1.719921264496063196e-01
1.552994304318421337e-01
1.525734054321674360e-01
1.369772484766492715e-01
1.184576752056867993e-01
1.466664923975055934e-01
1.577797532804944836e-01
1.218557940240687365e-01
1.353494424791024386e-01
1.675187534159469083e-01
1.309479235740158287e-01
1.625888753585044144e-01
1.018433738900543784e-01
1.169395361194167232e-01
1.758445290245434223e-01
1.666564486778288889e-01
1.622753578923215034e-01
1.345690275434604788e-01
1.614099103121890699e-01
1.644665218824892250e-01
1.525912479841664560e-01
1.837193320599496138e-01
1.452080258020001791e-01
2.150753680383360178e-01
1.593972216954243071e-01
1.287005478889469701e-01
1.724690447262167969e-01
1.266904597853196479e-01
1.786236121782807384e-01
1.327463754075514091e-01
1.898254436945337464e-01
1.907039060463056046e-01
1.416650766256127292e-01
1.544951671672614713e-01
2.217201837938732600e-01
1.679396863133142959e-01
1.695364029584329468e-01
1.472999738365972644e-01
1.520875898992723463e-01
1.613039744238728146e-01
