1.134078034153103570e-01
1.112075300808364059e-01
9.025242118419388171e-02
8.984719621467936179e-02
9.358633721344331025e-02
9.409060805634672509e-02
1.000014595313890170e-01
8.330399927289923456e-02
9.644319587891320156e-02
7.806154926090876078e-02
7.948787988214649214e-02
7.223707021836286990e-02
6.798991951817573431e-02
5.729961235174504952e-02
5.168622789153323044e-02
4.967030713184255458e-02
5.757057797447376335e-02
5.246658777747265773e-02
5.374132436696612419e-02
6.206882129361920852e-02
6.812659557232715601e-02
5.922575173933220666e-02
5.998544316453760517e-02
6.423421697927417240e-02
6.550208813936753138e-02
6.653715547638368311e-02
7.101399577703576549e-02
7.180164505175798406e-02
6.784215239534309438e-02
7.379477823289788685e-02
6.799181690951949797e-02
6.740385975016779940e-02
7.014851174425469627e-02
6.743626342085438929e-02
6.669228868542471933e-02
5.280146407472786213e-02
5.018580889624810193e-02
4.362810030840856557e-02
4.869031193562538273e-02
5.031960588591294359e-02
4.924370075967874488e-02
5.692987613459518648e-02
5.682959003065082143e-02
4.801798417776868833e-02
5.764397081258573752e-02
6.084296098915582818e-02
5.770365547802103201e-02
6.743566134593412253e-02
8.527149112109945472e-02
6.280842493494295797e-02
6.176909162887597726e-02
5.347515093082762933e-02
5.416744770705102241e-02
6.535234852518141679e-02
6.135342398967681687e-02
6.372475310959641037e-02
6.793069650084754274e-02
6.580053415449475807e-02
7.154149837799268774e-02
6.712181688826553139e-02
6.818671656663650993e-02
6.907820298593313202e-02
7.502797631364220565e-02
7.064657868119941786e-02
7.582792547186767429e-02
8.068314458476844031e-02
8.761144833289011280e-02
8.326997319942786024e-02
8.904653373101750757e-02
1.036446344316684226e-01
1.008273641238460749e-01
1.022680370815088058e-01
1.005483792292485856e-01
1.047204797253158959e-01
1.051335253318289725e-01
1.092997132836296403e-01
1.055529424678365163e-01
1.086109589518903379e-01
1.076756979766201605e-01
9.767389390291172924e-02
9.311330198532175029e-02
1.103663247929394658e-01
1.105614726036690254e-01
1.113482975372568073e-01
1.211003510263748140e-01
1.163715001076111449e-01
1.167942421698393990e-01
1.050762394314715131e-01
9.221107249199317346e-02
7.790196284339372113e-02
7.192717047332536362e-02
5.796133297638052240e-02
5.873291887381342641e-02
5.479250290042699673e-02
4.782038275988739068e-02
3.672517271744774048e-02
3.595392898352379324e-02
3.720849262355503673e-02
4.059817950377196671e-02
3.396495483603995114e-02
3.618630104979027318e-02
3.175481355487135698e-02
4.264655834574150595e-02
3.705928413118077247e-02
3.233326665007736633e-02
3.642523403033145341e-02
3.441219233921902904e-02
3.686248926079597338e-02
3.617054953829356573e-02
3.574244502884682539e-02
3.921833363870069061e-02
3.550576540864254504e-02
3.152369003944763964e-02
3.562085320485138679e-02
3.478198947668777880e-02
3.329127601974002371e-02
2.980359954460586741e-02
3.405014148908892813e-02
3.047565739971198895e-02
3.882829966498500818e-02
3.338158488373613175e-02
3.364435787726912513e-02
2.946751935747737514e-02
3.169927004885172983e-02
3.516155703699203050e-02
3.563098400289108764e-02
3.413450914109753681e-02
3.128320698268285266e-02
3.443279926749425596e-02
2.961436093624059823e-02
3.201764165405039664e-02
3.585380002088283530e-02
3.478524666269264265e-02
3.597158258053748808e-02
3.560755806237887039e-02
3.230042622424061233e-02
3.550851374153551204e-02
3.430635320989754156e-02
3.361394074853771979e-02
3.666831056998315352e-02
3.596566958713169615e-02
3.149830744633402152e-02
3.228487375784874075e-02
3.664922916849377987e-02
3.447827799188658837e-02
3.236600723172262939e-02
3.386485597927645086e-02
3.451509235979104140e-02
3.478512313133329259e-02
3.555231105838226047e-02
3.098443624722855769e-02
2.920302781579074691e-02
3.098418464134407996e-02
3.443044108341820897e-02
4.221181791714193055e-02
3.914961687534268542e-02
4.084056019868350512e-02
3.700336896827235295e-02
4.188038041743040452e-02
3.466376808298353429e-02
3.974851395900735190e-02
3.898629792649951908e-02
3.607410404939954962e-02
3.437436224137560559e-02
3.142407100751844901e-02
3.548370094192804941e-02
3.948274557789627215e-02
3.503123524944348754e-02
3.357964353592667039e-02
2.751840344558430587e-02
2.897104738322610687e-02
3.261853916715218293e-02
3.573502046058131543e-02
3.551113713064492361e-02
3.867451938750691987e-02
3.862455809246902877e-02
3.556830779785623980e-02
4.107636396951835911e-02
3.083948783860192625e-02
3.097418099557428320e-02
3.127047737069603428e-02
3.768132790910422997e-02
2.957650680373439395e-02
3.704170674990375084e-02
3.193480645337632567e-02
3.157720831455531479e-02
3.345379398219848477e-02
2.899819651952265098e-02
3.194569636150515479e-02
2.840085879930151838e-02
3.148752650498570088e-02
3.125233577994021572e-02
3.231436365694383833e-02
3.800728460316852436e-02
4.222033266332186202e-02
3.468208269948925421e-02
3.438293413536216286e-02
3.616360972643337113e-02
3.999145908791389842e-02
3.233114899823318761e-02
3.513597733394271949e-02
3.730346232433425641e-02
3.954766033394768732e-02
3.688905152786125380e-02
3.427848521400796156e-02
3.336929082230473409e-02
3.509645421761273254e-02
3.539079836091841430e-02
3.347672224350316944e-02
3.679446445283821726e-02
4.626668142986176124e-02
3.854564767476939546e-02
4.140795503408122719e-02
3.863105093805051238e-02
3.504568178644980325e-02
3.953249042406738883e-02
3.618139200961795893e-02
3.832203114165901037e-02
2.978338361885253527e-02
3.068592819448393016e-02
3.263512878018238333e-02
3.076714997555593870e-02
3.558871709910473025e-02
3.753714605617907568e-02
3.537148556651267123e-02
3.569332152511531242e-02
3.631580727995670915e-02
3.924021314355592704e-02
3.734059513727616686e-02
3.583839700877789608e-02
4.089093153438153744e-02
5.405583800126431693e-02
4.493851259967367867e-02
3.743719206316641068e-02
3.102068798800884306e-02
3.503804629871778986e-02
3.552066582432564235e-02
3.402216353596316384e-02
3.556249564395599222e-02
3.210368541420927091e-02
4.291747542497935386e-02
3.616157615562249489e-02
3.219575994921859696e-02
3.705045254740676336e-02
3.771827872358602535e-02
3.912777075988038006e-02
3.403806440069526151e-02
3.150238855344580924e-02
3.165777426616366019e-02
3.941832681606696753e-02
4.178033276255227468e-02
5.004282725050363673e-02
3.856977619865791657e-02
3.488089948508593663e-02
3.914542138003909016e-02
3.508154098827678119e-02
3.781225912094129948e-02
3.757146033099292848e-02
3.500237244384695606e-02
3.176673250885511668e-02
3.435442139268476969e-02
3.305887349769436739e-02
2.765666809785760280e-02
3.526442035455429336e-02
3.183782136815662550e-02
4.055807521004325955e-02
4.619450741562013824e-02
3.938412507107882238e-02
4.264990966400825090e-02
3.965751554754187030e-02
3.482021574515652834e-02
3.797857148176141118e-02
3.313432301800941365e-02
3.436112979384738780e-02
3.495542467566831180e-02
3.464507521193467554e-02
3.863303927615893696e-02
3.632447970800892212e-02
3.635352806575275347e-02
3.314608329281034521e-02
3.521902658709166051e-02
4.247147162117232561e-02
3.696246537753258843e-02
3.424222152125993429e-02
3.514551916634375828e-02
4.034801932390197354e-02
3.823507562124470877e-02
3.063305183226339851e-02
3.792882239069684386e-02
3.717002327013903262e-02
3.966269382456386050e-02
3.485095813352883515e-02
3.107907008897578191e-02
3.428689987363982283e-02
3.392232477472013896e-02
3.725584014686898759e-02
4.022387579381295208e-02
4.186856713531541402e-02
3.099776110230443443e-02
3.636848467631629417e-02
4.017667116471323324e-02
3.477458309090895178e-02
3.043595001378237783e-02
3.132238848304970402e-02
3.568574374094502649e-02
3.753317690084830016e-02
3.394284355887453725e-02
3.639654471770383676e-02
4.093765289570947680e-02
4.149193238226801805e-02
3.289411541480494194e-02
3.368824931757437302e-02
3.742133061114513715e-02
3.224679079642270296e-02
3.705538386663607964e-02
3.888323151846129894e-02
3.150070288936106938e-02
2.893407825506545683e-02
3.374759376374006359e-02
3.132071576856348266e-02
3.048513350070586672e-02
2.977789774086248356e-02
3.371410539861351141e-02
3.301266331668323978e-02
3.684506410166606127e-02
3.252168725945234901e-02
3.610337038906907131e-02
3.810269385306459117e-02
3.601361907051410516e-02
3.576902328413277682e-02
3.253319688322423020e-02
3.471803900704661938e-02
3.289927118860402205e-02
3.701702203088915594e-02
2.805889917669422348e-02
2.966533335637250995e-02
3.713712385360431328e-02
3.386115046283402069e-02
2.785811326786611156e-02
3.423785765165796025e-02
3.068844902244144066e-02
3.038791004977786300e-02
3.135118578380544085e-02
3.147247473057886158e-02
3.711680546243728562e-02
3.445547104579446684e-02
3.187873507498615450e-02
3.464611160497735320e-02
3.408481534657639006e-02
3.527277535958157906e-02
4.553714431251574407e-02
4.070514761417648453e-02
3.757217865044117783e-02
4.712456390238978221e-02
5.041672361869874858e-02
4.818583758109352966e-02
4.438825758531247251e-02
4.636104204879747809e-02
4.845268258346478035e-02
4.681512133823795274e-02
4.794795801779332123e-02
5.132055307535499100e-02
3.971659338478246426e-02
4.159577833144170733e-02
4.233898455452787118e-02
3.619866096275840134e-02
3.551967176595520470e-02
3.600643273645461745e-02
3.382427056709395863e-02
3.395395980529295615e-02
3.668307127679777679e-02
3.564725606231750055e-02
3.974307124261858282e-02
4.000455871135548402e-02
4.368436692600476123e-02
3.777148388242985988e-02
4.060831476776764759e-02
3.631177534150093617e-02
3.442605295186336456e-02
3.935923884708503184e-02
3.412825229066043103e-02
3.338466265157109814e-02
3.340256566687869327e-02
3.853894943150536906e-02
3.811339761465220438e-02
3.997328905740397953e-02
3.877468520651903422e-02
4.055146812082670305e-02
3.662232477311438278e-02
3.475129203527450167e-02
3.501269662249972825e-02
3.398275042116512962e-02
3.135943977054390236e-02
3.509338223537993018e-02
3.487786822249096252e-02
3.710014622465972883e-02
3.599141498955995416e-02
3.650279730010888568e-02
3.707094076949079414e-02
3.184309327478157536e-02
3.534825278849636904e-02
3.656567364524104802e-02
3.313272418307714601e-02
2.903654899549380428e-02
3.284524660296668508e-02
3.256593725725809990e-02
3.774154408086495549e-02
4.077116218637965445e-02
3.941685709079173483e-02
3.877587518496668217e-02
3.971512127404072667e-02
4.116020314602672481e-02
3.729857833848442689e-02
3.543723275779623455e-02
3.168171426278704184e-02
3.740380398885563562e-02
3.268449424708216172e-02
3.291488051728418129e-02
3.523560205631993958e-02
3.048172406303031184e-02
3.309895594569334243e-02
3.493025762195378636e-02
3.486612069766466260e-02
3.478963441136351947e-02
3.564401695969049433e-02
3.619560263909333414e-02
3.812950566280558229e-02
3.378832435103570897e-02
3.866424582579975483e-02
3.204716055482614845e-02
3.466481929812284535e-02
3.729298585383383768e-02
3.715370150152875334e-02
3.339927259176529717e-02
3.413117366201160602e-02
3.776374140181516098e-02
3.162905285838189112e-02
3.533680020027678975e-02
3.380838165538453677e-02
3.317218067788378633e-02
2.959769529747624181e-02
3.541356290884312835e-02
4.135362869244221112e-02
3.341514595252793873e-02
3.552669251289906210e-02
3.744157897704588484e-02
3.916965044779967958e-02
4.032593198418230745e-02
3.612965327236331708e-02
4.437744544218296533e-02
3.707852712643024129e-02
3.952525504876115009e-02
4.429514387292971672e-02
3.921375465404198374e-02
4.363677569906952020e-02
4.963600188471529312e-02
3.869154808854907007e-02
3.953239410335014636e-02
3.373524276690655077e-02
3.119580747989695105e-02
3.113685937212121863e-02
3.380482656560398341e-02
3.952583272204852893e-02
3.736868240051969409e-02
3.621532046376909481e-02
3.077141509556048649e-02
3.347780346477888247e-02
3.623379785575064210e-02
3.281968466886897584e-02
2.940372839345269107e-02
3.167703303924777197e-02
3.294916251111241340e-02
3.258180281344162654e-02
3.585230643462226918e-02
3.051395101156595055e-02
3.514068828563567115e-02
3.179054514955344940e-02
3.070635924346682213e-02
3.712495614414750705e-02
3.556775322578593912e-02
2.801960986815961105e-02
2.840320356372830202e-02
3.496585670689524028e-02
3.919686448094740483e-02
3.955392109750442003e-02
3.604817589502296721e-02
4.004074818681988696e-02
3.526049452083209607e-02
3.357055006299902028e-02
3.541241561319414394e-02
3.033773239768672303e-02
4.182428359402869111e-02
4.553439582536808472e-02
4.074840337731230194e-02
3.659567905975281976e-02
4.378271703215182165e-02
4.376059866633866258e-02
4.602315092349276021e-02
4.431292320549962138e-02
4.312258238350918926e-02
