2.045000768976684979e-01
1.981462692189225605e-01
1.965638293172793094e-01
1.879240960261913673e-01
1.681096521065284510e-01
1.564589072531698544e-01
1.561973652626371944e-01
1.444455705760134823e-01
1.382727091946319986e-01
1.159404892965714695e-01
1.133307894003300342e-01
9.677307433486610766e-02
9.256732547620413754e-02
7.473760901031932524e-02
8.380599631707795483e-02
9.036036179038475780e-02
9.056774095344499731e-02
8.193454037374457710e-02
8.940813586772657084e-02
9.099670243776654399e-02
9.025729933564365093e-02
7.731847037281200374e-02
8.548514074282959063e-02
7.463800901254620535e-02
8.002470470051745166e-02
9.147534359199790965e-02
1.077769883259045020e-01
1.121104117735400307e-01
1.040911318427230475e-01
1.085311512405309486e-01
1.022102146794093280e-01
9.659167584693903463e-02
8.820224825799510837e-02
9.234349193042855342e-02
8.643495247836649464e-02
7.677274113875738604e-02
5.953200755347545781e-02
6.836393459804690487e-02
7.311051087158500217e-02
6.051349715540697838e-02
5.326131103167385666e-02
5.232903750939736642e-02
5.333822733441321434e-02
6.014846147859621850e-02
6.976388039895599358e-02
7.308169580684009681e-02
7.517136094147638947e-02
6.841364372512555303e-02
6.673374936573592264e-02
6.897809638298353641e-02
7.734318885590492354e-02
6.944757302929180365e-02
6.395204919971400614e-02
6.053428706157668732e-02
5.831854365663730749e-02
5.825886738787104668e-02
6.073175748874156538e-02
6.626422927178629574e-02
7.160248923682219213e-02
6.212608170065246627e-02
6.387224811449626616e-02
6.966386659910438206e-02
6.043134690557086519e-02
5.829689022421145894e-02
6.824718380578438659e-02
6.396307560371300438e-02
7.046086718222897838e-02
7.510473333144983277e-02
6.552756510316173899e-02
7.461455076827119837e-02
7.713751170605895324e-02
7.661189579482054202e-02
7.587559168292143386e-02
7.166704643126967089e-02
7.146229521650641903e-02
7.069268350582259830e-02
7.955301211451819288e-02
6.832930752540535002e-02
7.672509056011247996e-02
7.477395877000660163e-02
8.085072016277199125e-02
7.660434175476130148e-02
7.557741463463558962e-02
7.142696987093917482e-02
7.511973069163073446e-02
7.169169141991550698e-02
6.400901407135764498e-02
6.698011707734183307e-02
7.050335800248064277e-02
7.058415979551962982e-02
8.066785071945868635e-02
6.760700295561063167e-02
6.788258280214107265e-02
7.096815656265738348e-02
5.305205059402928053e-02
4.332429730111781591e-02
4.495755052192400292e-02
4.446923540801465263e-02
3.292337767534588705e-02
3.901226837696015332e-02
3.866248255604579076e-02
3.412673606533481174e-02
3.567337467320942646e-02
4.466343496479727171e-02
3.989741312681277519e-02
4.358789586970442109e-02
4.780908235953918589e-02
3.178087904165452504e-02
4.065181848632509753e-02
4.376176793367890505e-02
4.297020871532628017e-02
3.784451429693405644e-02
3.252545881245495762e-02
3.248479474126098054e-02
3.532395948244137357e-02
3.263460814168905183e-02
3.333430474551634520e-02
3.540874129423619843e-02
3.211393943545882979e-02
3.465603246802489990e-02
2.980729121648733118e-02
3.443629523550675864e-02
3.584040853479043137e-02
3.045695286051975509e-02
3.416541661400029906e-02
3.909757482538668560e-02
3.272381275691968461e-02
3.751018560893636111e-02
3.172342590185733835e-02
3.263637259608410945e-02
3.229233788548765971e-02
3.810471888199216256e-02
4.545059631567310160e-02
4.785379325839565073e-02
3.991259684714621586e-02
3.668096162969706336e-02
3.976851331792837646e-02
3.555956407447627421e-02
4.045469334790863930e-02
3.597096798985455895e-02
3.613140002125914824e-02
3.210532326051712682e-02
3.938341445749121705e-02
3.919884009722981316e-02
2.993046303792405369e-02
2.864941412931868575e-02
3.483428746451749242e-02
3.503560894349810190e-02
3.599012987025054788e-02
3.704949983741435970e-02
3.634740689160884802e-02
3.717425476189020056e-02
4.226692137469163085e-02
5.658055750775201065e-02
4.990987140983545178e-02
4.786260340432413329e-02
4.912013581849652977e-02
4.280963125586609991e-02
4.654335933392076546e-02
3.563871798033732552e-02
4.340791018340312696e-02
4.388456244107628856e-02
5.105866194767934990e-02
4.325063255650934968e-02
3.824134981153805291e-02
3.869084244545281659e-02
3.757265303572941001e-02
3.579169159900916913e-02
3.115884538675850121e-02
2.979485717932445904e-02
3.688179739062497076e-02
3.842581526525800512e-02
3.537137482224544244e-02
3.598431045565168851e-02
3.813731971318128078e-02
4.425523768422383319e-02
3.437548289264950180e-02
3.427759349594366317e-02
3.381478620800396767e-02
3.843228309869373832e-02
3.306315580945932975e-02
4.430679212485118257e-02
3.504322605662216900e-02
4.116294989641031132e-02
3.510825880739445320e-02
3.379637489236098080e-02
3.540771219741098430e-02
3.691688851857558712e-02
3.745183867212766721e-02
3.081146252581915337e-02
3.258315115762571573e-02
3.620057719923455708e-02
3.467486908248976207e-02
3.263528513337683734e-02
3.588708532342888002e-02
2.809059887191546132e-02
3.599043943707880278e-02
3.160740283766151626e-02
3.978305042292887977e-02
2.843509128901965458e-02
3.172408989743703139e-02
3.415425775264738228e-02
3.251110466237359942e-02
3.193377321426959375e-02
3.693714745458606674e-02
3.424197987841264695e-02
3.893566114634978981e-02
2.902950602094499580e-02
3.851100060985900714e-02
4.396539483103353851e-02
4.314397485417845179e-02
4.350822194753597993e-02
4.512893376238411719e-02
3.176698193784349006e-02
3.621749530247823229e-02
3.135578603529134978e-02
3.619188096342444011e-02
3.786038977125848193e-02
3.299104719524384444e-02
3.160921366665466609e-02
3.304165360051358746e-02
3.780844440044583282e-02
4.013296189415591075e-02
3.070976355221235327e-02
4.002517513139778466e-02
3.903722050934163579e-02
3.721006192609159491e-02
4.415639345873417776e-02
4.240151983371764216e-02
5.101590918485125054e-02
3.977403865913967801e-02
4.565750370762951260e-02
4.427807331276265718e-02
3.615492457791404102e-02
3.448611002133861875e-02
3.645130323460568644e-02
4.059136993852009712e-02
3.659259171600217492e-02
4.035915026319373405e-02
4.286270103642527557e-02
4.265128688478975194e-02
3.923302980625069381e-02
4.175204385395155093e-02
4.736185753462378301e-02
4.188667385655391040e-02
4.314288389525206685e-02
4.989852325063535987e-02
4.031082783591795338e-02
3.939632550162663199e-02
4.360573473122919541e-02
4.872988288136172186e-02
4.449299583641313366e-02
4.586320437132718197e-02
3.552383283636163791e-02
4.404205652842883845e-02
4.295821030209880098e-02
4.806051874467841267e-02
4.339165440477461833e-02
4.650223576493146133e-02
4.548322788623249124e-02
4.031811630038360794e-02
3.908466494527118584e-02
3.756065401135501997e-02
2.925837671686643687e-02
3.373334944559261417e-02
3.914944286197973022e-02
4.583656220219376604e-02
4.169998693751979929e-02
4.067116969985379998e-02
4.556199794581650836e-02
4.338202141038570436e-02
3.857255959754648383e-02
3.437871139858646868e-02
3.296697683782513072e-02
3.634190884994469017e-02
3.605808497126466311e-02
4.242381612177137384e-02
3.621277701736695664e-02
3.577586377230230347e-02
4.339685323268843709e-02
3.982931792287096318e-02
3.844191812654279561e-02
4.134585980637141972e-02
4.349777754695165893e-02
4.536620817198223216e-02
4.828333836148951397e-02
4.371893657227761409e-02
3.399046421598532486e-02
4.018986969870003839e-02
4.207381739187943115e-02
4.533351477319066958e-02
4.923296067223033312e-02
4.532458471806460193e-02
4.525409898700422789e-02
3.884171204176075504e-02
3.889830137088850365e-02
4.020125930675880893e-02
4.415829602545560256e-02
4.233111639164880563e-02
4.136533804830997557e-02
4.541671942032277087e-02
3.366872973315696710e-02
4.121885117373622759e-02
4.665756283232933010e-02
4.213418403423663944e-02
4.084351499718107820e-02
3.973866487117731772e-02
4.388697464468793719e-02
3.970240296194670060e-02
4.149901957831678839e-02
4.107647236779245897e-02
4.430403099925808025e-02
4.520612757125849757e-02
4.250604738243398545e-02
3.988736455670114506e-02
3.536127219694693014e-02
3.493044771824464073e-02
3.866848529486061753e-02
3.987421422417267852e-02
4.230495030956433339e-02
4.262824255765997744e-02
3.514501883395769466e-02
4.178553982816125834e-02
4.163690008801712583e-02
3.368982545543481449e-02
3.605909442327233372e-02
3.681888531613472515e-02
3.649635115766854815e-02
3.519449060811170871e-02
3.705391620442412964e-02
3.611786431422932958e-02
3.863726795705472311e-02
3.509323693840745578e-02
3.259559028798571234e-02
3.879955564461404910e-02
3.984327321278188089e-02
4.671827431783278500e-02
3.919380067189816991e-02
3.528798524846574886e-02
3.483342530570744666e-02
3.667508764267692761e-02
3.663916410704277926e-02
4.476366375178126439e-02
3.541494728114590734e-02
3.321243766736742264e-02
3.921918500182753481e-02
3.946056624017569431e-02
4.084145915236223751e-02
3.599238961117379176e-02
3.921045142241684489e-02
3.885437090892036871e-02
4.061937981737900188e-02
3.793385178409134501e-02
3.672075636073584420e-02
4.374375160016270858e-02
4.214616890376284702e-02
4.875339513082323911e-02
4.590279786006662421e-02
5.166855556958522416e-02
4.957573937145113435e-02
5.065341709584392921e-02
5.340950189439588880e-02
4.609809757028542759e-02
4.297465394085462492e-02
5.242453800073622328e-02
5.235962807036920186e-02
3.575252968036030099e-02
4.123103786112461422e-02
3.931602915325067837e-02
4.050911491511909740e-02
4.555850361861562420e-02
4.649169707154544862e-02
4.585827749628324651e-02
3.931414978082892198e-02
4.708220444153563694e-02
4.481868632639972316e-02
4.677464938059575777e-02
4.627046558279554467e-02
3.648976423030306920e-02
3.892867018761321518e-02
4.182532124347641128e-02
3.933521157117703115e-02
4.417689961694994116e-02
4.646291956111588128e-02
4.462820462981190867e-02
4.699975986857764243e-02
4.499247778444302737e-02
4.098276244463879003e-02
3.726664608514377447e-02
3.354219256993038606e-02
4.105891116740917335e-02
3.782838348664439854e-02
3.977918416293213522e-02
4.286985819163566941e-02
4.482571323163852400e-02
3.893334454407662570e-02
4.572742238147643051e-02
4.186875022808277808e-02
4.275266465859149656e-02
4.263677292035016053e-02
4.633948435152013268e-02
3.684902698675568411e-02
2.822804481158132026e-02
3.120917511167688174e-02
3.764548350320138376e-02
4.352211215234966929e-02
4.186197714774122364e-02
4.385957623601633576e-02
4.284342423102970032e-02
4.895882314259272783e-02
4.777337451145702296e-02
4.434383251105358109e-02
3.775797161474927360e-02
4.190966924919835995e-02
3.602887009911211885e-02
3.751585167736292553e-02
3.866022187792873127e-02
3.976896355796565030e-02
3.473381878396774453e-02
3.941451420976070652e-02
3.663453860583316957e-02
3.761846065481221080e-02
3.552941574579274175e-02
4.201946203390019563e-02
4.199963364819612327e-02
4.319203579208558130e-02
4.017835831209781716e-02
4.360588581153664739e-02
3.726685022531806002e-02
3.714238485823233987e-02
3.993763612304770255e-02
3.888094281699606969e-02
4.582073301628255407e-02
4.528049599030305183e-02
4.681446111095978468e-02
3.965252140458200292e-02
3.624515113927125054e-02
3.418156219337660506e-02
3.697547558755445024e-02
3.864582455627103841e-02
4.963236255241951916e-02
4.339003676890242078e-02
4.223824520445742386e-02
4.541005820602587312e-02
5.608683566451178742e-02
4.070978264882966352e-02
4.317482328493877503e-02
4.369979644423404447e-02
4.489680017420539376e-02
3.887186469248359727e-02
4.823350501359428832e-02
3.995522541483535056e-02
4.236974395140534477e-02
4.368934649100729428e-02
4.186023120003864312e-02
4.498563529183141618e-02
3.742585001354581387e-02
4.109652823723191489e-02
3.681095357272925334e-02
3.300540419671967041e-02
3.565243496904601378e-02
3.814409116757309925e-02
3.950713593392501943e-02
4.290841033772986590e-02
3.726014844232872908e-02
4.027486933485262266e-02
4.455621757227034435e-02
3.950601447861539633e-02
3.625310001710769364e-02
3.293375324899461276e-02
3.288083902992113006e-02
3.386319813669520784e-02
3.700235793188736549e-02
3.567391114872123931e-02
3.454527816365713516e-02
3.496620164935105440e-02
3.558582998204540965e-02
4.386004048993268067e-02
4.848909025344087798e-02
4.534788957619897976e-02
4.506738551060422010e-02
4.252484462622830447e-02
4.546693318826272590e-02
4.344272025479008897e-02
4.428422732928300604e-02
4.451461093416371473e-02
3.962581458763565767e-02
4.308552239507191378e-02
5.360749837598718925e-02
4.667189713008577934e-02
4.940432958844446359e-02
4.452278955613823280e-02
4.385085495484849355e-02
4.280601192634805180e-02
5.041083881387538324e-02
5.210539384123243078e-02
4.919321581152024531e-02
5.167108514865553781e-02
4.269356250293108307e-02
5.904712266211593202e-02
