5.951824382743817893e-02
6.472173479944724750e-02
6.094780313828551677e-02
4.819754868703620548e-02
5.049921523064381662e-02
4.719233745382241108e-02
4.058378810537392745e-02
4.487318804240916087e-02
4.775326981836029022e-02
4.550798990751015599e-02
6.084425330866607973e-02
4.894415497252545960e-02
4.680602549443323157e-02
3.959034026201684042e-02
4.737062742345241745e-02
4.067843748920434849e-02
4.050067144175946432e-02
3.791502370876055628e-02
4.519239807906437478e-02
3.764840796890130820e-02
3.708419188054427884e-02
3.840858544456752371e-02
4.010914458127624871e-02
3.672697398770993771e-02
3.992995518846430975e-02
4.341334474829416229e-02
4.450541589050065194e-02
3.809051878377323064e-02
3.498142999515255203e-02
3.901745513602205423e-02
3.473914572844920279e-02
3.811923483298823578e-02
3.189377491867270709e-02
3.444755069724890484e-02
3.388217520374339070e-02
3.797324429063743401e-02
3.530929131576103497e-02
3.823031302859593306e-02
3.940860741062634370e-02
3.897900928897971712e-02
3.771034964978266929e-02
3.530258140540435546e-02
3.483429666061008817e-02
3.778107336316751524e-02
3.830396382361030139e-02
4.012975179005583148e-02
3.157779107575862942e-02
3.601185465288691406e-02
3.971959390522701583e-02
4.291427241490215760e-02
4.849498269675115575e-02
3.703931091252513769e-02
3.850569927519914559e-02
3.836811995331863151e-02
3.698230681676140108e-02
4.304433762858662915e-02
3.707983542068034322e-02
3.775212954455750558e-02
4.482290171967059922e-02
4.813956550164454756e-02
4.098623867701348816e-02
4.080708279099237029e-02
4.686137125287648947e-02
3.826938808755657451e-02
3.475290053710376054e-02
4.340695981684665472e-02
4.562946755867335058e-02
4.827394365505685569e-02
3.833029187164879725e-02
5.015636212699356444e-02
4.740326248919432550e-02
4.463149918120389720e-02
5.231272556293613263e-02
4.821959099749765359e-02
5.153284243924793201e-02
4.998060934736855976e-02
5.523033865247441859e-02
4.771263893651515181e-02
4.586412837708037787e-02
5.109158439267772606e-02
4.637284469133888531e-02
5.685569088717532665e-02
5.390885597640700938e-02
6.316434057375144850e-02
6.531481626780887007e-02
7.110522947613250044e-02
6.409065562627046242e-02
6.710919754310201712e-02
7.244617573619553663e-02
8.277903128447737513e-02
7.644470840373374099e-02
6.790903575411808002e-02
6.337481124100681484e-02
6.050231864115553082e-02
6.723590538892364188e-02
3.475353121569636078e-02
3.884678476580188944e-02
3.745481732297568228e-02
3.090454182830252444e-02
3.323462873335170098e-02
3.240865999893831340e-02
3.399136095770163846e-02
3.311983187788524602e-02
3.020562764639196998e-02
3.334100457015357066e-02
3.883580898895513250e-02
3.982722490435835344e-02
3.399566262036801678e-02
3.455227650482990687e-02
3.262535108247612697e-02
4.442865186481132628e-02
4.201141825218585729e-02
4.229363741863321341e-02
2.917249523216112680e-02
3.020166816837768775e-02
2.920128898266748096e-02
3.431374880622602846e-02
3.516092487555452784e-02
2.728849685263770933e-02
3.642807582853637566e-02
2.620138302588407783e-02
3.213419330199741158e-02
2.955074653284231814e-02
3.517401191760155532e-02
2.894507948943341943e-02
3.217686749128512158e-02
3.466774299777611312e-02
3.252510012927654209e-02
3.049945963416638914e-02
3.178869572660578124e-02
3.840526307374361042e-02
3.571883027653274117e-02
4.181593277684617777e-02
3.310233116172334178e-02
2.982721448043121337e-02
3.669993742244181262e-02
3.540705497494109344e-02
3.284848329629649205e-02
3.112630415328300135e-02
2.852727374220308254e-02
3.077534716049258601e-02
2.785624183231145620e-02
3.251907487036055644e-02
3.427770231782739652e-02
3.239721088391779580e-02
2.382166627469935877e-02
3.031608581600685540e-02
2.776945801933812519e-02
2.749318611764730094e-02
3.095981903270290589e-02
3.271608153027934229e-02
3.030561042991711598e-02
2.536848833931122302e-02
2.916435287103398902e-02
3.591010820392664948e-02
3.313845899762984243e-02
3.403115023459551969e-02
3.099349638043282298e-02
3.419091916168741363e-02
3.463529191714677380e-02
3.912405396575645983e-02
3.580538952505826072e-02
3.456218090302768525e-02
3.347125433424177204e-02
3.288118430487611127e-02
3.498125719957630164e-02
3.877515332637345574e-02
2.793334339623798276e-02
3.250100156802897960e-02
3.181000004600784137e-02
2.747724572009684063e-02
2.819572345298095029e-02
3.180424711403230520e-02
2.987075118638263943e-02
2.943165835562621194e-02
3.510087274705893379e-02
3.330294224359207217e-02
3.377734236808457857e-02
3.042379134321265485e-02
2.870579792383896878e-02
3.209845554805236534e-02
3.293194329195588133e-02
3.201364700414058989e-02
3.391085869070428055e-02
3.546469071716318311e-02
3.326361338224313041e-02
3.302208087352423438e-02
3.226998954192790425e-02
2.799564563149941482e-02
3.169517453594909717e-02
3.109830127935473559e-02
2.986313698214497145e-02
3.013636599438235600e-02
3.199211245438415840e-02
3.330655563449354956e-02
3.080769584124474353e-02
2.691155878122464956e-02
3.097525931473456284e-02
3.453988140594913686e-02
3.121275220133273853e-02
2.727008104060066676e-02
3.317297258126448295e-02
2.772648740815727986e-02
2.587942615709731831e-02
3.295928232803329444e-02
3.032036007376473150e-02
3.221979200414742950e-02
3.278730896896658864e-02
3.209416236527643657e-02
3.121832494264700081e-02
3.281914893758387103e-02
3.246928925275538447e-02
3.166326053827637349e-02
3.010788885175955110e-02
2.848071128155540976e-02
3.271419977114584099e-02
2.734400622375987230e-02
2.969817515567471297e-02
3.286733739177009200e-02
2.856808213944542901e-02
2.885417426704256841e-02
2.816877004709943122e-02
3.007996145433393387e-02
3.102329677344013714e-02
2.901855057232093429e-02
3.437729222676394469e-02
3.305484716183296895e-02
2.947823682377292628e-02
2.840521048449554803e-02
3.068097735753560346e-02
3.160330522551105248e-02
2.996643346740610059e-02
3.338674514242594149e-02
3.136568066906699620e-02
2.930990763429395032e-02
2.837398688017336162e-02
3.325358935645406078e-02
2.900633716061921247e-02
3.004658547469964136e-02
3.056501820009473180e-02
3.372054923084977923e-02
3.240954525669033359e-02
3.129149464268498465e-02
3.322229954617105657e-02
3.410395618011553831e-02
2.977709278599624879e-02
2.853310154426431586e-02
2.532513602884204837e-02
3.111389869378326442e-02
3.238157075702090965e-02
3.313299048920083367e-02
3.580076703198896426e-02
3.232136583480114955e-02
3.076302319692171897e-02
3.385943268348739349e-02
3.216187958974529859e-02
3.523630013673398342e-02
3.232340672871673176e-02
2.830396067862561357e-02
3.042066933759696168e-02
2.831363472625430394e-02
3.295140531966383318e-02
3.451410712405462988e-02
3.054104698594375597e-02
2.804645751907593881e-02
3.884623304466858912e-02
3.732943145716211691e-02
3.575314493403180388e-02
3.824052955451949509e-02
3.370315221139193185e-02
3.258592496275937445e-02
3.352108341074123282e-02
3.397709768037984052e-02
3.464224692649148230e-02
3.756399522138730018e-02
2.726355890211261401e-02
3.046445180486135121e-02
3.398432860320346749e-02
3.388555879503824669e-02
2.989739489565146693e-02
3.077665246413606795e-02
3.391323258213476549e-02
3.119095064709509479e-02
3.190120526377043797e-02
3.062334263876538565e-02
3.675113125038934753e-02
3.474178251834118131e-02
3.268997264633762695e-02
2.917964757070256807e-02
3.960500703729920996e-02
3.897865622976765670e-02
3.226776672020179731e-02
3.102289541563522240e-02
3.291602005704892531e-02
3.075387639072018481e-02
3.268360658741898545e-02
3.270407507027035809e-02
3.454972006581730204e-02
3.049970066278529998e-02
3.285006549111883778e-02
3.161823455492979856e-02
3.306071354239602245e-02
2.826442788797502159e-02
3.285687721043066556e-02
3.356656482195493479e-02
3.250776598518279742e-02
3.008357360833717811e-02
3.502958950782872338e-02
3.150108885719292429e-02
3.908288686834796022e-02
3.999408787798251069e-02
3.582554227937705810e-02
3.788137992302190865e-02
3.616000544174224895e-02
3.313074371939502688e-02
3.110668454798104846e-02
3.148926155492069029e-02
2.983445659264481742e-02
3.437565560449248880e-02
3.318901982182693305e-02
3.199996901092099638e-02
2.662935434891153252e-02
3.056665337513731623e-02
3.596366334176755164e-02
3.120812889158891545e-02
3.492518360772167013e-02
3.048763594015493558e-02
3.433999026613841765e-02
2.984211995894135716e-02
2.879913760063279246e-02
3.222510643423030785e-02
2.914907028511230097e-02
3.022301522555004977e-02
2.838910035125397427e-02
3.101168661342369390e-02
3.104387534107287336e-02
3.030685049147397239e-02
2.919172664601440287e-02
3.457657163930658722e-02
3.242189852778693676e-02
3.518288376247361710e-02
3.428731900466525095e-02
3.229820887287802866e-02
3.334272524211245176e-02
2.659743576865408049e-02
2.927322465820489036e-02
2.957824969594278347e-02
3.460101410325239907e-02
3.357931561144120863e-02
2.826334761645492646e-02
3.367066178694400058e-02
3.417582719458767820e-02
3.137440464486477426e-02
3.038720670914179037e-02
3.397206289631243825e-02
2.996023228510359335e-02
3.620810225511723185e-02
3.350286485334403458e-02
4.122214909254141857e-02
3.400181374717371058e-02
3.174598246436673848e-02
3.692746633451202826e-02
3.628635513966171899e-02
3.175499551746670257e-02
3.258504528032944714e-02
3.317905593158513439e-02
3.053605176069149399e-02
3.496522509199607998e-02
3.633674611795940229e-02
3.446438553468463006e-02
4.054203607219217242e-02
3.836091182328004584e-02
3.632311742034469854e-02
3.426190612568136284e-02
3.962484768965272158e-02
3.505313130727780863e-02
3.789303148041450742e-02
3.243996204520528670e-02
3.102199543670741688e-02
3.210158968909421207e-02
3.188354504125680278e-02
3.356596927559501314e-02
3.489460622943593021e-02
3.368579643618311442e-02
3.101758503108533946e-02
2.890525406516540260e-02
3.265152143666107121e-02
3.475148405575817501e-02
3.354206938465138788e-02
3.150944463164394999e-02
2.966261410647294539e-02
2.822426281689781671e-02
3.152404225742801852e-02
3.450255222543904127e-02
3.065235126737235472e-02
3.152091054334325848e-02
3.150046206951612887e-02
3.078088585286495663e-02
3.040949572560339847e-02
3.022296054613523783e-02
3.521874392212506061e-02
2.607037869321099377e-02
3.016586429103793737e-02
2.993222554954192913e-02
3.053087578183080048e-02
4.127253682307899241e-02
2.860500983533784125e-02
3.053726954883393199e-02
3.435206840405730100e-02
2.974374566605419989e-02
3.462075253764501648e-02
2.637677925262402884e-02
3.354251015286516951e-02
2.929383557236616212e-02
2.977984787751221732e-02
3.126333367656123491e-02
3.219938506650040638e-02
3.205351009505748305e-02
3.032031965118343192e-02
3.028910310251968496e-02
3.447929829392699930e-02
3.300214505997015740e-02
3.304704178419549943e-02
3.483393142087685274e-02
3.323537633804907881e-02
3.621062697482781145e-02
3.200926401027721913e-02
3.146651319515662154e-02
3.042885775260316394e-02
3.405165306943899045e-02
2.967490911594562394e-02
3.252279657580339767e-02
3.123597768346288855e-02
3.297851911936527242e-02
3.422251965060915668e-02
2.757916034357536100e-02
3.159150261547370026e-02
3.269546671799758442e-02
3.475580260276026762e-02
3.157840089924975058e-02
3.305674367731173402e-02
3.433083814099154030e-02
3.402740152768609500e-02
3.461422609465691219e-02
3.712336873546935589e-02
3.224174554393067355e-02
2.907670012963584419e-02
3.565534313011161499e-02
2.858149302603290101e-02
3.197546886797556637e-02
3.212260843433587670e-02
3.226237762486205279e-02
3.138909012250299529e-02
3.341826757597310404e-02
3.234701970738584897e-02
3.676336195186729466e-02
3.114580542759666851e-02
3.349963591688417952e-02
3.320189319444025178e-02
2.529840792517509471e-02
2.986105548531304069e-02
3.131821337577866959e-02
2.749957437573505997e-02
3.353542010978446258e-02
2.997585722618062443e-02
3.289270465640876939e-02
3.488034018641914674e-02
2.813927584581460417e-02
3.202703695138958001e-02
3.254075601750068547e-02
2.761031111739775321e-02
3.168328784204087201e-02
2.950056348898799988e-02
2.928305090851122949e-02
2.918289047876110667e-02
3.237174456814258250e-02
2.781718833336994587e-02
3.291931520525562954e-02
3.763656266209797902e-02
4.264333893393888741e-02
2.914983509954375759e-02
2.838520545436532330e-02
3.572665802562118714e-02
3.194616746265901280e-02
2.853432348104689362e-02
3.503243907335008150e-02
3.376010105182473964e-02
3.117022239714717369e-02
3.215266310750017342e-02
3.329448718165382154e-02
3.223294899562008375e-02
3.535241380950421286e-02
3.589596159526475122e-02
3.042136959110783301e-02
3.232160186637227095e-02
3.497447237631519379e-02
3.443146672029240990e-02
3.677955890629271835e-02
3.350808374293793440e-02
3.646910823548276531e-02
