4.118291916966937416e-02
4.615676573083732359e-02
4.652006380272719066e-02
4.571940658649444739e-02
4.157111507983587972e-02
4.162304309689699583e-02
4.111430999669961339e-02
4.436289375121421630e-02
5.492535375388267471e-02
4.928483740997511436e-02
5.162114237994808869e-02
4.624134676835058022e-02
4.119195945733282460e-02
4.179016590322911368e-02
4.473506503318336325e-02
3.607895303724856922e-02
3.655354162706422189e-02
3.568964606436225012e-02
3.429791467867576715e-02
3.694337255142707971e-02
3.915630196822916798e-02
3.889146481378592812e-02
4.258138399175843969e-02
3.639641231687975459e-02
4.136682501485468288e-02
3.392141518561711533e-02
3.705297555912405449e-02
3.390088707747092311e-02
3.538854123990386319e-02
3.429208262362196807e-02
3.687105783142292231e-02
3.435986760251614341e-02
3.729005024812793306e-02
3.691102485555868701e-02
3.542217349545528915e-02
3.164754532241303292e-02
3.485349598744421490e-02
4.046998917804537493e-02
3.468930333746468586e-02
3.902529247336937457e-02
3.578783412170701006e-02
3.537736404890640812e-02
3.292357703721345702e-02
3.637749605251133778e-02
3.834146980183591319e-02
3.221961259917988790e-02
3.608604082151019299e-02
3.472438565253002651e-02
4.018914640143052275e-02
3.844762318294955156e-02
4.109013805351430237e-02
3.815469730792393765e-02
3.683794371883353930e-02
3.854114190060806827e-02
3.661277482899163299e-02
4.017332994051125289e-02
3.387959944097848619e-02
3.722513773434588807e-02
3.885150160221779309e-02
3.830404170859931512e-02
3.893350974472080395e-02
3.884442157547163266e-02
4.252517767695260242e-02
3.854170838017042383e-02
4.391846844516768267e-02
4.189160249273626152e-02
4.232526275264782839e-02
4.562561114625220127e-02
3.981347380454119261e-02
3.964693835530530563e-02
4.054952250843672085e-02
4.190847360511798514e-02
4.521641084344996814e-02
4.260007227771527710e-02
4.971339454074287512e-02
4.288480238076874257e-02
4.235934923469815427e-02
4.108515591459483557e-02
4.066094528837155969e-02
4.022176573768421887e-02
4.407693231428339714e-02
4.284825969369491366e-02
4.223606709848335555e-02
4.262707214888250551e-02
4.790304559422962905e-02
4.648699354321462335e-02
4.429188755166060115e-02
4.469530899671440849e-02
4.675782129891947053e-02
5.034151074805858633e-02
4.716211745564250629e-02
4.785851334926666950e-02
4.836995800279787761e-02
4.129981978878690535e-02
4.207031283672560407e-02
3.285324754962191951e-02
2.766964805884974260e-02
3.273439930902416473e-02
3.001873370757275269e-02
3.453971635783895100e-02
3.057250413775889838e-02
3.402049944678231519e-02
3.071634890463540574e-02
3.412517007859235119e-02
2.936204678998254394e-02
3.349213457455049031e-02
3.251066185999659797e-02
2.953322021221983784e-02
2.907687916665286157e-02
3.134385014711828926e-02
3.537794865380600173e-02
3.329250827197731410e-02
3.207726094099527109e-02
2.864919901671997629e-02
3.036156754886511558e-02
3.077691134651561536e-02
3.099795684755254216e-02
3.174068437244671748e-02
3.361416829559699809e-02
3.347663115392251337e-02
2.887740822945603081e-02
2.855316250623369037e-02
3.250830456012887559e-02
3.169790105800349145e-02
3.149571329415290499e-02
3.337729004637615682e-02
3.013581605080914091e-02
3.141999732814662605e-02
3.160115198306440859e-02
3.196148750881714490e-02
3.392823451009244207e-02
3.448562823632423530e-02
3.384401553179781225e-02
3.496540089177892219e-02
3.145968555236268449e-02
2.973246103891288850e-02
2.981304006003153775e-02
3.194427013521058956e-02
3.570331223909106733e-02
3.295004359662919574e-02
2.866687068257015372e-02
3.482392596325405848e-02
2.910121947327907327e-02
3.541814843491405962e-02
3.382788956711129530e-02
2.983772727288450458e-02
3.142869086206100809e-02
3.274348894301053886e-02
3.188753838553259889e-02
3.660432745402990989e-02
3.140158632015044304e-02
3.070640160381195999e-02
3.149239523104477995e-02
3.293960374006494468e-02
3.475343675163728580e-02
4.012073513811539871e-02
3.708226595733302156e-02
3.499336694636218797e-02
3.272658849875476061e-02
3.776117170445710686e-02
4.104992732569021779e-02
3.026821758245229477e-02
3.267679515484538805e-02
3.650355482531051493e-02
3.709610005648092401e-02
3.524688973123106528e-02
3.267494482245274917e-02
3.583290675674905695e-02
3.072158535597523110e-02
3.213613603650895129e-02
3.268488744617160935e-02
3.035463627840661802e-02
3.200639758594261974e-02
2.915452759507971420e-02
2.988948391758383324e-02
3.505649788896888358e-02
3.197713640537514640e-02
3.681760270777138799e-02
3.001497592849154683e-02
3.287554970616626132e-02
2.930635467502964997e-02
3.240116277245121829e-02
3.643259318762173682e-02
3.902774573068473751e-02
3.091431371160678621e-02
3.469503622624407063e-02
3.379305247745022917e-02
3.139706651731560133e-02
3.071747215535998443e-02
2.920565641867880341e-02
2.824991179273350292e-02
3.136184726126457767e-02
2.988548838225383794e-02
3.658124187657209314e-02
3.672010273182600704e-02
3.614982617372834717e-02
3.028135117403051371e-02
2.982232876375878056e-02
3.302564907393323868e-02
3.359165648682387734e-02
2.944221839800462148e-02
3.000274042221994647e-02
3.261018417012252063e-02
2.958848607215636833e-02
2.933065795816785018e-02
2.836503887771216550e-02
3.203338871657704368e-02
3.675484268280411471e-02
3.082495422535122195e-02
3.476318786160094432e-02
3.521246617936500678e-02
2.953539747907923257e-02
3.129763981207335510e-02
3.215724111877008018e-02
2.470691049175238740e-02
3.491714927039817062e-02
3.111737221058532774e-02
3.326600819480991095e-02
3.019616558565376210e-02
2.678613088794392846e-02
3.396223844296542699e-02
3.363612780979658573e-02
3.424550313462770140e-02
2.972712745613483379e-02
3.455531523690005130e-02
3.066599611201731648e-02
3.448919435201105305e-02
3.554398359417258041e-02
3.011030788470711594e-02
3.517884775373473355e-02
3.148838669645366573e-02
3.227392320951704557e-02
3.013194606374166445e-02
3.493566016917844935e-02
3.053900451005969394e-02
2.740831462449118405e-02
3.375310359615759509e-02
3.089769296374965390e-02
3.543033670583634054e-02
3.453145201987296159e-02
3.250371842480692663e-02
3.480906231985729515e-02
2.828322964735796238e-02
2.922899126335793546e-02
3.100812935241662946e-02
3.462835588749664517e-02
3.351946938449835295e-02
3.300131968322297937e-02
3.690030348912520797e-02
2.810003937698016610e-02
3.145533275598193235e-02
3.436133246140993941e-02
3.327765505286502806e-02
3.189439539957101416e-02
3.081093515935673724e-02
3.205095286357055595e-02
3.019779485933012445e-02
2.636257357145675023e-02
3.311985370502005394e-02
3.614715879783561570e-02
3.107831720400726014e-02
2.911029356589267883e-02
3.356354740538499554e-02
2.899508511121345194e-02
2.581574602417572098e-02
3.434931275290389191e-02
3.874502485151308517e-02
3.534432339951736751e-02
3.006609983245736584e-02
3.676485264031808392e-02
3.832919581364024192e-02
3.060269957905077318e-02
3.434766833916664402e-02
3.722769172387669495e-02
3.702193228013263282e-02
2.888079500229757263e-02
3.312898723630038761e-02
3.546708794195291281e-02
3.388602665607076680e-02
3.264811176398454973e-02
3.381867627334190357e-02
3.284275004944144788e-02
3.058674893140598053e-02
2.806171393299572436e-02
3.211368820001572755e-02
3.204485436209057042e-02
3.211744097056758174e-02
2.872539944537115877e-02
3.128869668310216984e-02
3.383319579152333639e-02
3.609976116196531720e-02
3.312257436795747190e-02
3.446760254785592031e-02
2.848526881957018711e-02
3.004881497427520226e-02
3.246740520601466840e-02
3.039094707548542149e-02
3.261017685224060214e-02
3.538867556405192460e-02
3.566351447245753176e-02
3.396949681087028938e-02
3.884489568405805060e-02
3.305688728164180024e-02
3.492549854019696975e-02
3.089898676370639308e-02
3.133280929684099936e-02
2.943965900219977505e-02
3.545415009449232047e-02
3.499161704494287151e-02
3.616240993778168517e-02
3.396448961972387687e-02
3.044336150733079407e-02
3.301557619908750824e-02
2.955962233691475025e-02
3.467138288698656118e-02
3.436079921008187293e-02
3.211383909797285718e-02
2.943096220570624866e-02
2.946607148792694877e-02
2.976685173223904413e-02
3.613926722144366471e-02
3.122143149165700765e-02
2.680231115334441930e-02
3.543794172094900941e-02
2.934377741426383648e-02
2.641602147797422057e-02
2.926941257039488570e-02
3.171788006435811991e-02
3.159510707292994408e-02
2.624368198666553534e-02
2.994687419275229856e-02
3.138092168162986972e-02
3.001228540620854562e-02
3.379395091399756135e-02
3.273833111193434620e-02
3.226831892606370905e-02
3.172449537783567780e-02
2.820421282810885166e-02
3.438644122430310757e-02
3.506785885643089878e-02
3.218279807410481808e-02
2.839994502376591914e-02
4.175466523639960459e-02
3.172681469077096722e-02
2.838932819649495065e-02
3.175459547798858972e-02
3.286926338176226342e-02
2.757380652542661126e-02
3.171989982722075302e-02
3.277826438923659574e-02
3.147598935602554521e-02
2.883906775933100727e-02
3.442962974198852943e-02
3.540379139376486489e-02
3.384560125323430452e-02
2.831607995783280360e-02
3.191859292837900125e-02
3.422988593187396844e-02
3.756135597530971953e-02
3.715360722748491107e-02
3.840143111436484374e-02
3.397846446205705917e-02
3.592522106864563108e-02
3.549946659083876715e-02
3.353730339749724093e-02
2.976166140027282359e-02
3.188228057928133019e-02
3.433955056626963181e-02
3.347850464702391976e-02
3.851561034112643833e-02
4.049478239706336136e-02
3.379958891581337499e-02
3.465591778882563118e-02
3.117463871016827592e-02
3.382298764247885364e-02
3.017496082148814207e-02
3.102908667781226204e-02
3.005697517981838901e-02
3.134413676329100146e-02
2.981071747861099852e-02
2.874735307985790481e-02
2.998454082253534936e-02
3.297118533667848378e-02
3.272916697300484040e-02
3.042346115584907210e-02
3.230934181852768844e-02
3.378396154643787536e-02
3.056954746628703576e-02
2.993599538769868215e-02
2.625333697664050323e-02
3.144291412113291856e-02
3.094718610807010994e-02
3.043573357473080762e-02
2.948839423552043065e-02
3.338506754299649243e-02
3.744645852307031814e-02
3.468580209782502755e-02
3.098326842417867613e-02
3.036093454243847523e-02
2.763457999977808957e-02
3.533625179700129737e-02
3.180848996312764243e-02
3.435893127239790512e-02
3.054441199978007518e-02
3.215935607010400599e-02
3.272768004253039098e-02
3.192750442983187387e-02
3.520943377292707482e-02
3.683036776766189513e-02
3.162022537713581744e-02
3.247577309997966982e-02
3.294365289828513066e-02
3.087471829657891659e-02
3.181678100936096570e-02
2.939517707119504789e-02
3.017002913936506214e-02
3.255423582297741619e-02
2.630243660670908770e-02
3.048681607607266197e-02
2.832519401050359598e-02
2.698536665811311630e-02
3.443995022872207296e-02
3.720640891855020449e-02
3.139173125049338903e-02
3.525511613176820352e-02
2.960474264530829624e-02
3.217113720021443773e-02
3.493393046245629047e-02
3.190646030669469502e-02
2.709545443818803592e-02
3.562545623751987856e-02
3.079787494976714626e-02
3.084194486980664299e-02
2.990017748799743760e-02
3.404175497370923870e-02
3.147515772457029626e-02
2.740845249769284162e-02
2.977614718094308277e-02
2.783072086737187895e-02
3.534041540676408077e-02
3.743058042148492137e-02
3.414975250999283812e-02
3.802181174794665858e-02
3.311253268376795900e-02
3.196703994517233194e-02
3.397243158914026173e-02
3.165561710488513231e-02
3.239441831539453809e-02
2.979754765730355942e-02
3.133715003097286428e-02
3.225603532186491901e-02
2.977887130111888866e-02
3.218399757659869825e-02
2.979410417684665024e-02
3.883918238944977785e-02
3.610493581519739342e-02
3.639723726180637414e-02
2.776465386633651666e-02
3.419159672272926304e-02
2.904515802792530244e-02
2.951877540130102076e-02
2.303010856179230070e-02
3.411779052320433603e-02
3.114023196230367163e-02
2.888120474558830697e-02
3.207536386353876390e-02
2.943055848936476648e-02
2.961442825978996204e-02
3.171958581866346494e-02
3.294570891508099425e-02
2.966579211670242883e-02
3.160302194336083587e-02
3.006635803835304779e-02
3.139095269915728736e-02
2.353316811677126294e-02
2.456296297891336425e-02
2.716337711542350999e-02
3.417492527602584290e-02
3.290291717612000427e-02
3.112693748837662769e-02
3.500998837263098046e-02
3.188058351816040054e-02
3.267387293784852070e-02
3.943801627264492682e-02
3.431716452740887768e-02
3.870746422958248889e-02
3.536865711388723771e-02
3.503624770546535233e-02
3.737073898226334068e-02
3.162057205574295149e-02
3.233234526260661545e-02
3.965097415142167930e-02
3.837792023767261362e-02
3.443229166880984460e-02
3.592388838838255632e-02
3.553572276411651187e-02
3.340259246535984966e-02
3.783707168031136964e-02
3.443492382201995827e-02
3.576403660892604058e-02
