1.603624136257232602e-01
1.522686307314743970e-01
1.898747481976361395e-01
1.619967584347912770e-01
1.502422536397627351e-01
1.439519599220445423e-01
1.320297650719355342e-01
1.604720063792101636e-01
1.680709530444473854e-01
1.402590202897868732e-01
1.929160916435415096e-01
1.155770325758204570e-01
1.331473399171731742e-01
1.123132479374730625e-01
1.486560405025822429e-01
1.412278474241233095e-01
1.197631952503025871e-01
1.149183838399004398e-01
1.040293524477934467e-01
1.074699645383518920e-01
1.076460040438689952e-01
1.247779880907155109e-01
1.383264767578728238e-01
1.213339473211278441e-01
1.326906697140225189e-01
1.181399584000502045e-01
1.326066764703091316e-01
1.401892368635324904e-01
1.169807408141436550e-01
1.144343465211628968e-01
9.601051658346065887e-02
1.139122344630042055e-01
1.218255421578092190e-01
1.161441573333642924e-01
1.103276900340338235e-01
1.246795028266459021e-01
1.181817177030821953e-01
1.261872086344169031e-01
1.048406195161518811e-01
1.320331468495596627e-01
9.502799181354393276e-02
9.457009596858478861e-02
9.703712097698255490e-02
1.092477451441168645e-01
1.169592122510090537e-01
9.437853570214023435e-02
1.031399431876759282e-01
1.416854613382486638e-01
1.283360594475339567e-01
1.089979195106573207e-01
1.129097114057956014e-01
1.238553401121070957e-01
9.359828870122098576e-02
1.201668240978174956e-01
1.013704388032465181e-01
1.035485965399515901e-01
1.019579296844731614e-01
1.215503345815125980e-01
1.258463473306780933e-01
1.326387499154258187e-01
1.070505432845614974e-01
1.102452107662968556e-01
1.129253895424611187e-01
8.475547226710215820e-02
1.247873308794177627e-01
1.189784672729781723e-01
1.061936181388026812e-01
1.141131618522846780e-01
1.227674222111998226e-01
1.148145702690481079e-01
1.063417422326499440e-01
9.690927285367731403e-02
1.159616375774849828e-01
1.311767852072112661e-01
1.197656721505286070e-01
1.119336966029783609e-01
1.108094110828461709e-01
1.262296993422357683e-01
1.180894520503061179e-01
9.712623890696697737e-02
9.557856883649790136e-02
7.719428103677461461e-02
9.257984870049543180e-02
8.574551302596608582e-02
8.069546054182311079e-02
1.064635150597307428e-01
1.029447038598149677e-01
8.790185567285954682e-02
9.989777308354423624e-02
1.439798718167428770e-01
1.049275130519436300e-01
1.096727107752729219e-01
9.202440873936552912e-02
8.689917670143136597e-02
8.712062495184509647e-02
9.443799498734688214e-02
9.102263824608966547e-02
1.015593798437069012e-01
8.058039875675405972e-02
1.211974492024512906e-01
9.419391855946060432e-02
7.140971813809234015e-02
8.847639982687378890e-02
1.120719101857114014e-01
1.010099749153439697e-01
1.159511105666974212e-01
9.028597779299163406e-02
9.703039025170770437e-02
9.309635120063629310e-02
9.173280714315684703e-02
1.096812397019918672e-01
8.497425297243661746e-02
9.705779451561366566e-02
8.549696477678110640e-02
7.584493848964102281e-02
7.594586844232489864e-02
9.377546957944765671e-02
9.078427756511836533e-02
7.009746746913965432e-02
9.780978542756908756e-02
7.510729233287428974e-02
8.685247601179278687e-02
8.666722378370370072e-02
9.142804732611491125e-02
6.878775307039845799e-02
8.250534789840174854e-02
1.056047845699506632e-01
8.849106492542030411e-02
8.657176312283218489e-02
1.012891030593564834e-01
1.169707275129809321e-01
7.383282510745757532e-02
1.011366537564622470e-01
9.011338491706269438e-02
8.330736659724044535e-02
7.337273423336827805e-02
8.624355688324088220e-02
7.404302340152281448e-02
1.078728561413122011e-01
7.382930790309162605e-02
7.884932887324760942e-02
8.231461028104759825e-02
8.725732050507874205e-02
8.162199065938223475e-02
9.547641389201758089e-02
5.611828000057721144e-02
9.718575826966620312e-02
8.996816928125832280e-02
8.386855361652240104e-02
8.709319904447516969e-02
8.612689809205509306e-02
9.124354443379339985e-02
8.864730797201718360e-02
1.105395923126234331e-01
9.386981948396974640e-02
1.154359175016982791e-01
1.269599339416873363e-01
9.378322748141131038e-02
1.064923167587607522e-01
1.045949573000652111e-01
1.117543255613159398e-01
1.038503527006401084e-01
9.797942382163749020e-02
7.556318671718471880e-02
1.034068004759867848e-01
1.091824690239498047e-01
1.176067047869253507e-01
8.793360483897869062e-02
7.569118301221060274e-02
7.845846130878682267e-02
7.944111982969910557e-02
8.251036848046539030e-02
8.995952468478841946e-02
8.724386019250771063e-02
9.634324704852299803e-02
1.010076793929221284e-01
9.033293048987046936e-02
1.187554509664786179e-01
7.294482231050554433e-02
8.413549940724369958e-02
8.413344866593262805e-02
1.191072020116986374e-01
8.831037620773106445e-02
1.004316650679512868e-01
8.773248305994808816e-02
8.625928391322869315e-02
1.012860635471528742e-01
1.025290448096245755e-01
1.031678056633673346e-01
7.421105355192128550e-02
8.046663172062258618e-02
6.945462146763141387e-02
9.424849217637708276e-02
8.830687419444788189e-02
9.684366255710699645e-02
9.697137593081901763e-02
8.063530737532963177e-02
8.226530462683974421e-02
9.548973639842329997e-02
7.920988836565870383e-02
7.746063114463196120e-02
9.704890373139597737e-02
6.765035506444895541e-02
7.420251979970513001e-02
8.070605553974467827e-02
7.211831531688769892e-02
8.892784072940228268e-02
1.107062962201958156e-01
8.150532506982094416e-02
9.223660556285807888e-02
8.215806242798041892e-02
8.354293288804029438e-02
9.306679284369492877e-02
1.124612300160278133e-01
7.860395113534221490e-02
1.015932447550872281e-01
9.034697306691305552e-02
9.205539966916034822e-02
8.690967597641094389e-02
7.065605652445430818e-02
8.324876204409374647e-02
1.002392122744482361e-01
9.134626295934497597e-02
6.749065147570733336e-02
1.018310524913737247e-01
8.938422645529905952e-02
1.036528392488038214e-01
9.619560917756239671e-02
7.190754645579026938e-02
6.223887320607087575e-02
7.235389632024764872e-02
8.866333847389752665e-02
8.541486801643367877e-02
8.143938199661074351e-02
8.337858247391745359e-02
7.147211355433752411e-02
1.164569238739345258e-01
7.163166324198644297e-02
8.987440000631624626e-02
8.377066546298350680e-02
1.087232816463458152e-01
1.147900423565908767e-01
6.363000678810523669e-02
8.325196606951502931e-02
9.468841142771661223e-02
9.003251537264445048e-02
1.342753512908160807e-01
8.343837326427208656e-02
9.690055120306226288e-02
9.155518538012791252e-02
8.532347194804738855e-02
9.598983061252568116e-02
9.295261306736389562e-02
9.563875219165100805e-02
8.817583180018509492e-02
8.297122339869238139e-02
1.021397730631336542e-01
8.435036762444603209e-02
8.583169792535169651e-02
1.220267109111308756e-01
7.586932274789068287e-02
8.331001283354820541e-02
8.441537615756597446e-02
8.582246530938775209e-02
7.279223286658226266e-02
1.158373836611820834e-01
1.182899299480073968e-01
9.251924814912115824e-02
9.033402950262327258e-02
1.192607811172739507e-01
1.100476487750494392e-01
8.388138022930649584e-02
7.180084483500485948e-02
9.478000844201796282e-02
1.001696545316073383e-01
7.574939671309208200e-02
7.436308467644943410e-02
9.016865931476163165e-02
7.526926792146820810e-02
8.431205349300451013e-02
7.729504020132431374e-02
7.832005146786513716e-02
8.204535025488401967e-02
7.911174831576286981e-02
8.442794677399591274e-02
1.022069134190201484e-01
1.023956198786878657e-01
8.347262686915407626e-02
1.083976591526519262e-01
1.086150349407826038e-01
1.090114401192354282e-01
9.588900855979964888e-02
9.222761576136544182e-02
8.332853601981167480e-02
8.226812821518424135e-02
1.231619763153579128e-01
8.102703721634202383e-02
9.767335592559873991e-02
8.712325767304952839e-02
7.518229971273109047e-02
1.075664870243189936e-01
1.083581609645246080e-01
8.447303268007687327e-02
1.013715730215004190e-01
9.152012836337225510e-02
9.023238485310310086e-02
8.385856931522156499e-02
1.048636113046492041e-01
8.664616233879356144e-02
1.142163066078723255e-01
1.028340543542619612e-01
9.622173529783434320e-02
9.721137864381315663e-02
9.212235699089528496e-02
7.609881269976973006e-02
8.274216786022255132e-02
7.156958338033635181e-02
6.290411614767918436e-02
9.159012157706260260e-02
9.410710214526260553e-02
1.059668974715292783e-01
8.818142562486508407e-02
7.101024758532620273e-02
9.573711500087321580e-02
7.450472675791475208e-02
8.386735224255555121e-02
8.512461008464818069e-02
9.859690540038965056e-02
9.103574628751300024e-02
6.740937134733183955e-02
8.878852437001076570e-02
7.388988260678858166e-02
8.254412510873537778e-02
9.560668855964070401e-02
7.833478667296116249e-02
8.550886149337860731e-02
9.292235195193841724e-02
8.735827552700466125e-02
1.083909501463177494e-01
1.159186211768299529e-01
1.042114406326239001e-01
8.702684966419647894e-02
9.953318973036986983e-02
8.160153964957032879e-02
6.300386842962255041e-02
9.994181330435925048e-02
9.265156437679317181e-02
6.333733598284808919e-02
8.727784286983565620e-02
8.073400947564775276e-02
1.008336045152106314e-01
7.834324586168218973e-02
9.454421954756364599e-02
1.073127713388919574e-01
1.037580029073766480e-01
8.495349769588313171e-02
8.581281714273022998e-02
9.678786456237566116e-02
1.093136198449915220e-01
9.001983166960159100e-02
9.533453512570826127e-02
1.022124996315480344e-01
9.730348787700776603e-02
9.804050244828477201e-02
9.550123860029992306e-02
8.543927617978998301e-02
8.546906346898942852e-02
1.087566164990130813e-01
1.092977329321204172e-01
9.535386049235586303e-02
1.150144969760056313e-01
1.167692679724015442e-01
1.099838155736589107e-01
1.105107001463483951e-01
1.189731875489493246e-01
8.295567143089092876e-02
9.123474692573707578e-02
9.661159417664741400e-02
8.089198796947653924e-02
7.777917811919411728e-02
7.830112081646500855e-02
8.508216133197740727e-02
1.034500342417618846e-01
9.955381626758394442e-02
8.217104050526884140e-02
8.148466987024435837e-02
9.339323336519378405e-02
9.864042369016211287e-02
9.113665684934948996e-02
8.519629479353180157e-02
8.061429196554732723e-02
8.567223914067008395e-02
6.970391288050084566e-02
9.573883690881915265e-02
8.197398204179243142e-02
9.887283006879499236e-02
7.683922879230108138e-02
8.412644930336318772e-02
9.179226689936223482e-02
6.943401790987872857e-02
9.786795644553954177e-02
8.958452125350899187e-02
9.581565793844236401e-02
7.157665775116875406e-02
8.327243781668158817e-02
1.217683659307076671e-01
7.439605622035747046e-02
1.008089806220832108e-01
1.086679801763171943e-01
1.145089449263972797e-01
7.826441203246099765e-02
9.975164316712151202e-02
8.364887003469650972e-02
8.958059003340962390e-02
5.173901286284163237e-02
7.402573170370423117e-02
8.034701873978219999e-02
8.386046067639081614e-02
8.360590498107790813e-02
7.572496667846144447e-02
7.105775928634272542e-02
9.842866348176325386e-02
8.771181099573363560e-02
9.333417697556839476e-02
1.037168845874547607e-01
9.413374769163060374e-02
9.310537189030307359e-02
7.730723545029946631e-02
8.873423003626278172e-02
9.668831424030879806e-02
9.523135550406820748e-02
7.812131674439877493e-02
7.933304343046221341e-02
9.499424046776408503e-02
1.045425566752997137e-01
1.038989037702194029e-01
7.878505678865245498e-02
8.484462243864199227e-02
8.965547113677324598e-02
9.646634036861463646e-02
1.062762042403951335e-01
9.270708630971838393e-02
1.159651844987631686e-01
9.710929352588656971e-02
1.035052506416118678e-01
9.295563768332604226e-02
6.094769255150694898e-02
9.607812422388084528e-02
8.706816018372910693e-02
9.734472417105451136e-02
1.115517556231929719e-01
7.762438191352623307e-02
9.766004313786331992e-02
1.058904041923760253e-01
1.095204336289345159e-01
1.030530689335029115e-01
8.706364774590684419e-02
9.579374277825365713e-02
8.652251102672969818e-02
7.352877020444911760e-02
8.314968812068965209e-02
8.201784981417133136e-02
7.778838116951354575e-02
8.491959245748635643e-02
7.970058710047739359e-02
9.529368300477941700e-02
9.931919978117745296e-02
9.481130580336702418e-02
7.448761683061619343e-02
7.695341035985291123e-02
8.060685829744682063e-02
9.139425733114993344e-02
7.530321245375397321e-02
8.281259276374972056e-02
7.045974798938962891e-02
7.551421727138381279e-02
8.283865457277576894e-02
7.766596435350320293e-02
1.049892095391848912e-01
1.025284671061781755e-01
1.022146520923264967e-01
7.344023300239506391e-02
7.798586147502506449e-02
1.117973578046070893e-01
1.041555976954820356e-01
1.130704772593405238e-01
7.867476326106706552e-02
9.172094942034313136e-02
8.323455426709591709e-02
9.734203088432566431e-02
1.083914965455013563e-01
1.349074262442331307e-01
1.115229141595218132e-01
9.298859634655229356e-02
1.113155770636040515e-01
1.221387385133505254e-01
1.120114736577411813e-01
1.180518834576618770e-01
1.274453192396871881e-01
1.137168321297440249e-01
