1.046522608275216037e-01
1.050580749575108774e-01
9.857102936062148157e-02
9.292206187860034550e-02
8.844157990761286614e-02
8.484122396505899832e-02
8.447423072402493460e-02
7.924641291063402870e-02
8.434863216144704301e-02
7.219871646874137516e-02
7.632101624277266849e-02
6.604891157352625608e-02
6.213880748653648201e-02
5.335443188182757701e-02
5.689947916631174496e-02
5.419701486217005926e-02
5.629813299918560998e-02
5.200144948108501031e-02
5.565994324810820404e-02
5.691432606292853857e-02
5.865609718918605997e-02
5.346106809262441556e-02
5.704027812010047105e-02
5.299890307410251578e-02
5.670589326080099218e-02
5.883681475057322280e-02
6.508734388814124694e-02
6.397586567163554561e-02
6.057581386828064796e-02
6.390886680826821098e-02
6.045305878720023951e-02
5.911865950815280157e-02
5.688364629226261293e-02
5.778458272602263190e-02
5.560789746574747866e-02
4.979874870663392183e-02
4.497015093823220067e-02
4.767308427827419981e-02
4.897468338882535188e-02
4.720935120091725168e-02
4.400079889071056849e-02
4.498471477457582912e-02
4.448142276572189524e-02
4.558125376801094170e-02
5.101332120924698121e-02
5.156850529630790936e-02
5.013471207919156097e-02
5.164638634411915230e-02
5.797849519837323246e-02
5.328710422894454568e-02
5.717435030876158453e-02
4.952918304514213055e-02
4.836578497519942316e-02
5.069897436017119924e-02
4.831676232301679308e-02
5.130032201664133651e-02
4.990547221281198959e-02
5.176050767629610666e-02
5.670459773417581978e-02
5.392287644979046335e-02
5.299467827571677225e-02
5.459839348787538793e-02
5.621146803726053548e-02
5.143864134328446358e-02
5.568661956498087429e-02
5.748619562451608850e-02
6.150676145661006233e-02
6.306856533304669443e-02
5.817946612759231084e-02
6.701562142055961235e-02
6.647941520688402384e-02
6.635497641566280580e-02
6.848827682963903873e-02
6.680179735794962437e-02
6.946051438208154793e-02
6.821445212939739045e-02
7.067391061738181879e-02
6.643451533210141535e-02
6.773146555054615492e-02
6.594030070082006201e-02
6.610344978842901120e-02
7.166865428214275191e-02
7.057095257829874846e-02
7.214167003270748058e-02
7.735948589501101536e-02
7.641385363671844566e-02
7.229644985478203556e-02
7.096521576215744642e-02
7.047960688239721105e-02
7.040166616786232290e-02
6.905046176304006911e-02
6.033397125884397416e-02
5.959006772993979961e-02
5.689069947325670062e-02
5.254466289489147929e-02
3.691406219597095917e-02
3.685697808252486052e-02
3.796673616589238409e-02
3.361120817874828359e-02
3.518789207604768737e-02
3.445748693563331633e-02
3.347335250617253233e-02
3.553902845036789604e-02
3.651337920524058700e-02
3.373343278425656316e-02
3.808526836588536912e-02
3.863979036577828985e-02
3.304306278375959000e-02
3.511288092402535532e-02
3.586835354803003667e-02
4.049878571816107470e-02
3.716355155743494842e-02
3.460501180288276524e-02
3.148183554874836587e-02
3.266729616909298806e-02
3.147602112265304036e-02
3.211240248597519581e-02
3.409012300783159644e-02
3.087306549585138241e-02
3.584725977886719928e-02
2.956691683889089289e-02
3.219200223025174556e-02
3.184174474630974833e-02
3.225703397124413119e-02
3.244194160864466436e-02
3.507067909148475771e-02
3.291547023665061800e-02
3.318462251226059201e-02
3.206420919664559888e-02
3.150022919193690152e-02
3.416086928084352548e-02
3.604074435393299358e-02
3.897394782175243183e-02
3.797327697310885070e-02
3.420176373557974603e-02
3.385344657882309594e-02
3.512428052360912906e-02
3.366466767897022261e-02
3.522456262220510781e-02
3.352914897466749422e-02
3.288482186286339343e-02
3.157094962560416662e-02
3.332214563974489341e-02
3.638598000461626403e-02
3.265846037020993242e-02
2.866870372715629722e-02
3.261098003046545429e-02
3.251591206640945531e-02
3.253899437619093421e-02
3.504148934563235812e-02
3.286237774731679689e-02
3.184732365285250499e-02
3.252799739659792411e-02
3.827873880056728573e-02
4.069630857063533114e-02
4.006785360385301670e-02
4.026852805227714577e-02
3.644996588773336682e-02
3.883531185294833432e-02
3.567473742123118685e-02
4.083260135846428912e-02
3.723611686877159599e-02
3.859293551373799147e-02
3.689995098935931056e-02
3.491067629510338777e-02
3.610067257954705650e-02
3.712637419061297350e-02
3.364729425035992150e-02
3.199026896167234124e-02
3.031484917685638852e-02
3.150374448502987756e-02
3.239867854094943822e-02
3.372925999570042244e-02
3.263018159193974144e-02
3.403324534347455799e-02
3.825929160318017330e-02
3.380596733486823657e-02
3.648722563532949548e-02
3.127326032957752217e-02
3.274695293106831551e-02
3.143461085080934136e-02
3.683030652459062804e-02
3.326649326302971721e-02
3.778581526692577353e-02
3.335551742238519052e-02
3.333305820385087243e-02
3.391915988264598836e-02
3.239553527433543245e-02
3.202766320512305531e-02
3.002828806993714308e-02
3.085472268367491638e-02
3.216947430564608135e-02
3.175277177901744685e-02
3.480398101687540158e-02
3.703351908826757466e-02
3.243255089659444895e-02
3.189157088192403483e-02
3.214215016064705943e-02
3.683500999768128670e-02
3.139266224385237058e-02
3.089309166749625718e-02
3.365835827011651876e-02
3.309885914365026660e-02
3.107268424284613528e-02
3.337639323869879410e-02
3.157416741304856778e-02
3.457132402117174541e-02
3.349061400840853270e-02
3.372670986099746138e-02
3.668534302202992176e-02
3.936056785024727445e-02
3.601463908853499984e-02
3.737444728670376998e-02
3.316579071160590669e-02
3.111269971555895991e-02
3.462990637522568582e-02
3.270866285184689803e-02
3.478665106585052819e-02
3.145948344788006279e-02
2.941233872213198930e-02
3.212329877267599415e-02
3.259512305822444972e-02
3.501178589555556386e-02
3.224933345949160257e-02
3.474263162678285777e-02
3.494345759330955148e-02
3.526747767997308325e-02
3.710470675505890548e-02
3.456440833504911825e-02
3.817853282622486744e-02
3.593916552887148341e-02
4.048842459645424219e-02
3.818381927965098371e-02
3.497336436983147778e-02
3.133892753842527912e-02
3.181791275949700376e-02
3.577968217886434710e-02
3.262969634408355302e-02
3.534964202192142357e-02
3.501571416765056344e-02
3.794825749135645465e-02
3.565330338460520609e-02
3.338063202330326940e-02
3.671590022288988286e-02
3.617925952816802848e-02
3.666902583215633088e-02
3.649728964502332168e-02
3.253491802535719846e-02
3.476707548767469375e-02
3.587641792032431054e-02
3.877463472227418717e-02
4.117448064507892025e-02
3.750800036441281904e-02
3.326553772948508125e-02
3.696446143782801397e-02
3.556314593592285744e-02
3.782671821542095414e-02
3.491227375898525720e-02
3.573210564810602036e-02
3.595444713263004632e-02
3.351612240583248803e-02
3.355130933213051891e-02
3.332374415966306291e-02
3.101473229214448540e-02
2.985834358925022747e-02
3.822576596739886423e-02
4.202638148162227832e-02
3.804539508553694827e-02
3.790692718770972969e-02
3.892187958626709687e-02
3.727933948298546574e-02
3.516872851727497612e-02
3.395945010903559519e-02
3.479951132051017221e-02
3.647081525678323721e-02
3.171187852190238132e-02
3.616257360977301327e-02
3.549716831763306824e-02
3.497524432229101587e-02
3.477211079628370061e-02
3.491091831186014793e-02
3.691734309482283538e-02
3.502150619060127174e-02
3.442572956624444236e-02
3.581218954427677764e-02
3.935683582446784790e-02
3.720330892060777495e-02
3.150972203498937640e-02
3.464675908580040070e-02
3.817051087271025600e-02
4.001865649737187947e-02
3.736856497347960937e-02
3.547353819263288077e-02
3.523557193431579165e-02
3.339168204536906853e-02
3.532628832779778627e-02
3.588003931158188775e-02
3.829669001970723019e-02
3.480431343019761703e-02
3.656185067205065808e-02
3.779528048770902648e-02
3.508723051262999798e-02
3.324402908928385941e-02
3.644058176650166736e-02
3.557136984021074672e-02
3.555431679501329378e-02
3.330118526014720637e-02
3.769181474117820618e-02
3.678319043994798809e-02
3.955906219167861643e-02
3.698229132007594538e-02
3.606529602588507549e-02
3.838110357612826290e-02
3.511811648937842451e-02
3.618621875742970145e-02
3.492799686836779022e-02
3.250856281512481266e-02
3.171699558706928684e-02
3.436588377008304579e-02
3.414538440804845004e-02
3.531315307268262371e-02
3.069342560384718047e-02
3.321715243881412372e-02
3.651279211685422993e-02
3.277169896573840779e-02
3.248049669210514856e-02
3.316982605393840183e-02
3.516422883530741922e-02
3.316133417762427704e-02
3.196643976896380857e-02
3.270576045610903981e-02
3.347132473271087483e-02
3.205695218969251831e-02
3.294891589603160531e-02
3.265211813666658164e-02
3.320520020907274245e-02
3.647168601018668799e-02
3.261272265221386302e-02
3.302727784498538793e-02
3.414026008539580714e-02
3.368230462542420173e-02
3.242858454631294962e-02
3.754193091121608289e-02
3.298924048615204524e-02
3.132900177373843659e-02
3.367561904595386957e-02
3.344670359821672045e-02
3.441559784650465026e-02
3.384410509910303760e-02
3.388120969692248741e-02
3.738454159110141117e-02
3.608485559636854384e-02
3.532751620534645837e-02
3.740907959150806955e-02
4.049453484210205345e-02
3.715207968194819688e-02
4.031708697490798965e-02
3.999914767352052980e-02
4.472618580522528392e-02
4.188657042108692719e-02
4.218719717309220990e-02
4.390899644157999354e-02
3.950656679084380701e-02
3.795622359515044703e-02
4.022146780827269563e-02
3.787475159124639029e-02
3.342263344657207813e-02
3.663556156396123586e-02
3.573888762133198976e-02
3.686076764905578396e-02
4.081959834116723196e-02
3.857486346823908729e-02
3.914509598701804149e-02
3.618881333200851119e-02
4.105360167491799162e-02
3.695456558439888517e-02
3.907627057664754544e-02
3.626979453733003567e-02
3.332048734554120956e-02
3.505005405060086787e-02
3.414611791381288314e-02
3.406759608021962815e-02
3.636131421248575690e-02
3.785420810045229956e-02
3.604566210784963115e-02
3.704691120241868085e-02
3.755066149351525551e-02
3.671381552187767683e-02
3.434175890765205769e-02
3.151406655337233437e-02
3.429428400437869312e-02
3.274564570819436804e-02
3.327459994140871680e-02
3.548854672199376614e-02
3.593525006612457995e-02
3.625021495878748279e-02
3.697627538459438701e-02
3.503392545130882413e-02
3.514850892403104110e-02
3.308435168526126235e-02
3.806068321478571492e-02
3.282339232208383861e-02
3.147139113952357459e-02
3.018059041412317345e-02
3.329524048952572229e-02
3.752206656880428814e-02
3.503400887344397530e-02
3.759436043603924665e-02
3.836067937338515782e-02
3.727466734268735510e-02
3.864625535578061072e-02
3.620611695199736635e-02
3.486844460066945012e-02
3.461437964718043492e-02
3.172140232765160994e-02
3.408825462053621802e-02
3.402458425362217542e-02
3.275994769425409625e-02
3.269413914188594450e-02
3.212763384645357656e-02
3.279953987589165343e-02
3.499770339136455688e-02
3.516224678655077707e-02
3.575868977915849095e-02
3.653353576942597325e-02
3.630075201282875752e-02
3.562206629634875887e-02
3.594866345504631883e-02
3.456660352760392019e-02
3.258416323017138128e-02
3.497570519365901520e-02
3.487365004910011196e-02
3.626308926777021407e-02
3.538961629735776215e-02
3.730247734932244652e-02
3.411764521863570876e-02
3.171853977770491828e-02
3.299749407314851724e-02
3.334259517826778513e-02
3.468420538504216055e-02
3.742934548717310322e-02
3.682104758218247842e-02
3.891027179313309714e-02
3.663799073424467423e-02
4.017598421451313434e-02
3.609138468973661917e-02
3.576919774181485517e-02
3.801887246848062452e-02
3.485137353247629022e-02
3.664048225840375178e-02
3.742266897405632786e-02
3.538043234739435966e-02
3.755949388085919050e-02
3.652886822446725634e-02
3.917080224898594754e-02
4.187248373590284761e-02
3.591511019787448078e-02
3.547330303095069109e-02
3.448492156420132626e-02
2.963619440742925465e-02
3.154228130694532173e-02
3.157430991768701845e-02
3.516258338872823436e-02
3.623818620258442702e-02
3.308313271946668882e-02
3.400358823759015714e-02
3.558622992820828501e-02
3.337337910999265550e-02
3.320485186400742861e-02
3.195598664375724762e-02
3.045849382581726841e-02
3.252466760830233228e-02
3.228777056816750646e-02
3.305005529775300460e-02
2.944382194268886643e-02
3.176039937051066547e-02
3.058923514509807873e-02
3.541516005367024295e-02
3.903838155895159034e-02
3.867147980607510416e-02
3.431170471273464057e-02
3.279845929062058518e-02
3.720833021465691504e-02
3.850594211776035836e-02
3.667240910881079674e-02
3.857567253302980614e-02
3.719883023504187702e-02
3.613812175462913223e-02
3.917536263218743264e-02
3.674984299516917408e-02
3.607683906108947319e-02
4.033761527777320749e-02
4.091478315328848925e-02
3.710201914089451131e-02
3.881300203209575583e-02
4.159957650345398605e-02
4.019696841587779013e-02
4.307771666468809824e-02
3.873737331834714581e-02
4.360071247250848353e-02
