2.474768972409571999e-01
2.301810359340847878e-01
2.737660997169106825e-01
2.442646266462658311e-01
2.285321504880962196e-01
2.308803404479719268e-01
2.068906134899111682e-01
2.659328873976846142e-01
2.410885774120612723e-01
2.036411634699236139e-01
2.612207146142053737e-01
1.869115259324032330e-01
2.037244076132522785e-01
1.662565983603800090e-01
2.634013886058195197e-01
2.846382210238398991e-01
1.831470965123712658e-01
2.006086882974051910e-01
1.616529749629972423e-01
1.642352878533206162e-01
2.169497329537376229e-01
2.051779685453652968e-01
2.215738800824239296e-01
2.078374879336446490e-01
2.214420724344934310e-01
1.898575866965089287e-01
2.329782714176404090e-01
2.422503712398556830e-01
1.930351243614373546e-01
1.827634467989098510e-01
1.258877922772522473e-01
1.870249197282227993e-01
1.883476091937845431e-01
1.662834415886308981e-01
1.793595980114651989e-01
1.793891116078351611e-01
1.961628693460938100e-01
2.139955702831632389e-01
1.812892348175898782e-01
2.098441986050866293e-01
1.607259167817003398e-01
1.558758343626320819e-01
1.535620334737836101e-01
1.826419825162291233e-01
1.843789416617733212e-01
1.469028050562033449e-01
1.591490401942122768e-01
2.350206051981781619e-01
2.090017365878389655e-01
1.743319670260680965e-01
1.853660489696248304e-01
2.033154915071836155e-01
1.574342229062310750e-01
1.916071858287950458e-01
1.715920168700103277e-01
1.361700185519225115e-01
1.607621336166685788e-01
2.103294785776133602e-01
1.563845487288696157e-01
2.066025091838776528e-01
1.574515352457492023e-01
1.690789206332766470e-01
1.673359562417406909e-01
1.455848176447102904e-01
1.721365436893395329e-01
1.608458290071362040e-01
1.915491629612462721e-01
1.559728259316517651e-01
1.806581444216655841e-01
1.341751723256303930e-01
1.482558803367244327e-01
1.580910921443854922e-01
1.904780502795010155e-01
2.134849836019142577e-01
1.989908078828395710e-01
1.856652494337492354e-01
1.692111580793371761e-01
1.898776435248344940e-01
1.992428616699660482e-01
1.517389690819231363e-01
1.379624221929531547e-01
1.144429990242319534e-01
1.205016695782248209e-01
1.375690835027557346e-01
1.267988889045074397e-01
1.543025977545015304e-01
1.616420857081545259e-01
1.196658660976882838e-01
1.561474299962649359e-01
2.152350253081780629e-01
1.587993096105803914e-01
1.561631833432949590e-01
1.321044115544421915e-01
1.354137570556432635e-01
1.292332642300938750e-01
1.512083386014347886e-01
1.587031014964029874e-01
1.877203662981733467e-01
1.353445036598314444e-01
2.013446753717341997e-01
1.489661685285098014e-01
1.542713972528576560e-01
1.469108687122208934e-01
1.737657222220230224e-01
1.626152641897320172e-01
1.520351497923987383e-01
1.363842317778107827e-01
1.543847465566176858e-01
1.291480337523079891e-01
1.339389697574795146e-01
1.780365532943309348e-01
1.443665566432602576e-01
1.497385533071875496e-01
1.377203850132387442e-01
1.455822219391805505e-01
1.234176134101125227e-01
1.511403026337773958e-01
1.476161294535716095e-01
1.229582110834225445e-01
1.502972025271759604e-01
1.160738713357079982e-01
1.348440193810427623e-01
1.154959506607224212e-01
1.498235283122591743e-01
1.051544378954867853e-01
1.380381349241011635e-01
1.627122213556814467e-01
1.317401393286284639e-01
1.385647812525718781e-01
1.709668157462495564e-01
1.977099253655055233e-01
1.122289922947117130e-01
1.482291010912866469e-01
1.408785178705976582e-01
1.256698031556114092e-01
1.156949849463243946e-01
1.324056755838601274e-01
1.122884600049269127e-01
1.701046050418834055e-01
1.324585871216657773e-01
1.453216738974110189e-01
1.472107032891535328e-01
1.341238736388671859e-01
1.270617327793917561e-01
1.397812734907527554e-01
1.124312471525301810e-01
1.521657501314497840e-01
1.459690313545453089e-01
1.432694006226665207e-01
1.331322621455369171e-01
1.425956763670196970e-01
1.396580983772353346e-01
1.281466854946063660e-01
1.807791723383828930e-01
1.306916898320738818e-01
1.940937739410338869e-01
2.012755014585916047e-01
1.397364974005334270e-01
1.570400524106752294e-01
1.610270660043680024e-01
2.116748730467780670e-01
1.655733164112045408e-01
1.452784954498659853e-01
1.206211990084480462e-01
1.732445584644027592e-01
1.588299869919047869e-01
1.609782054123601314e-01
1.450607435912387999e-01
1.286920788000945892e-01
1.533461351329755418e-01
1.297194321581589815e-01
1.541696442051354310e-01
1.575248319004418640e-01
1.450291766144124472e-01
1.445781463093928632e-01
1.507494656831883939e-01
1.263791619401251065e-01
1.929915732947675155e-01
1.097411805332481061e-01
1.394180981897187865e-01
1.398752116116025457e-01
1.744864656089942789e-01
1.358703224094230666e-01
1.842378572903176082e-01
1.333932169393051148e-01
1.602331861331228735e-01
1.491213875201991279e-01
1.640404689693266971e-01
1.716928646775344180e-01
1.191060083971316463e-01
1.298260768317252567e-01
1.199339359542012096e-01
1.520025500004608399e-01
1.382220628450475386e-01
1.423832190941077824e-01
1.450986361464724206e-01
1.211049917511824586e-01
1.218728380997751298e-01
1.790048768471872165e-01
1.706188318010043448e-01
1.283331542604946585e-01
1.737700886184039006e-01
1.175213767499020540e-01
1.265550950749156356e-01
1.351479810539768234e-01
1.062506777691808041e-01
1.555894600138417183e-01
1.887157918954845137e-01
1.403343499549608853e-01
1.541684065159576178e-01
1.303460479773605185e-01
1.320294083464167434e-01
1.619797759387142655e-01
1.948550547406342204e-01
1.278885708647599373e-01
1.840684960560574901e-01
1.523050585623367259e-01
1.582862106112922496e-01
1.532572730034450215e-01
1.275992930269310155e-01
1.430073531582538304e-01
1.566541090863601271e-01
1.346966632507758665e-01
1.074880291037408619e-01
1.402423584162318659e-01
1.505410426761464582e-01
1.662243446811479675e-01
1.534695926102359054e-01
1.378467884107199559e-01
1.053135255086307814e-01
1.238694949588053790e-01
1.479915953811455909e-01
1.283399176281556919e-01
1.279266250996446974e-01
1.340054639004271686e-01
1.146078052086677845e-01
1.779901121029406619e-01
1.199479743206154497e-01
1.372083671252817549e-01
1.521736300430132360e-01
1.913719765686067720e-01
1.648971387521168674e-01
9.857665436595823560e-02
1.148374224841631763e-01
1.486575470410296251e-01
1.349313394625061557e-01
5.745864318102342772e-01
1.528702864067951195e-01
1.512728147267855816e-01
1.461505347030122026e-01
1.336684344212441256e-01
1.659295273814052063e-01
1.669367323772553979e-01
1.399407120477265676e-01
1.293847146559661543e-01
1.626203284082205214e-01
1.786339093833701763e-01
1.379426376767735607e-01
1.293245258516408092e-01
1.903137483924947360e-01
1.266498890693854851e-01
1.331189015142563992e-01
1.436540649038055284e-01
1.550113981453602741e-01
1.152548630369007454e-01
1.787859990012532485e-01
1.735471845269334346e-01
1.774336221678973202e-01
1.308774564687916198e-01
1.680295647856773211e-01
1.803696929047108044e-01
1.413548474328308879e-01
1.257149255539832533e-01
1.415409133141313225e-01
1.438482541658091529e-01
1.115066341476677464e-01
1.234796918928019460e-01
1.539608076487237742e-01
1.358786571955478695e-01
1.389713218894042257e-01
1.184957996859767604e-01
1.356061279010444265e-01
1.252157810640948110e-01
1.147989237483453134e-01
1.477076131950576243e-01
1.777972752833462122e-01
1.857448027079174335e-01
1.408254828032632910e-01
2.081406358695457592e-01
1.536328411049954212e-01
1.570199168305355941e-01
1.538940885096171662e-01
1.631177797173060107e-01
1.356831842491527662e-01
1.084937999784225116e-01
2.112649800842928693e-01
1.428454387244904589e-01
1.506279259097928758e-01
1.607101915311099360e-01
1.331001023022301832e-01
1.767655218537359518e-01
1.771855295103400285e-01
1.386476137164323885e-01
1.784332719310483539e-01
1.353126130912873926e-01
1.498757730931275234e-01
1.197439345844316244e-01
1.502514104831066954e-01
1.255010879330743789e-01
1.714641065028652822e-01
1.600017636543844546e-01
1.663297029656035098e-01
1.500641065372911309e-01
1.473463928291788294e-01
1.272141934375445038e-01
1.249708093152929189e-01
1.259595478507293809e-01
1.109455422825657706e-01
1.496784835247675638e-01
1.486002930880285511e-01
1.841213105790122095e-01
1.511441788526090291e-01
1.311032087212847530e-01
1.840064038187780304e-01
1.367621811287462741e-01
1.490515792214015811e-01
1.563489139029361485e-01
1.392642252424202420e-01
1.695577011415325963e-01
1.183322934597723086e-01
1.351703483228088587e-01
1.274464703339940053e-01
1.462476875354919159e-01
1.370197733992502553e-01
1.334377649949345934e-01
1.318164948452247298e-01
1.444026416275472346e-01
1.524790528763672326e-01
1.715058174666980462e-01
1.560729117147737488e-01
1.541311092372283087e-01
1.451005657201813737e-01
1.819529287287828534e-01
1.386176729561414689e-01
1.184800856141406677e-01
1.297799937452806252e-01
1.442840875255117228e-01
1.040859009604421515e-01
1.522658038065960728e-01
1.290270744669246017e-01
1.587644120951252902e-01
1.450838958321805372e-01
1.547755906864043685e-01
1.573769935100609030e-01
1.615248777703857386e-01
1.179652864253649125e-01
1.224670045774588628e-01
1.471819200278771389e-01
1.492362377199964729e-01
1.377820717678199247e-01
1.371473104666194875e-01
1.379630478981684893e-01
1.461245167315591287e-01
1.781648057091406723e-01
1.716181711074575844e-01
1.371352956196631723e-01
1.375875625418624681e-01
1.632903764807639990e-01
1.904684981723715198e-01
1.736577875598951659e-01
1.634652047766889660e-01
2.166074408090810088e-01
1.551418222223302501e-01
1.613211928992854538e-01
1.891214358222531589e-01
1.276854787677471625e-01
1.595098289781263778e-01
1.481520187021456436e-01
1.453328609357090462e-01
1.229728952345452847e-01
1.177709344552591852e-01
1.375573317248310612e-01
1.602280272069891154e-01
1.565593419348568771e-01
1.347028519104655486e-01
1.282051372302178416e-01
1.563557723711392622e-01
1.432701912204379924e-01
1.511600115140443734e-01
1.499813623778427085e-01
1.295756023388077438e-01
1.505855524969623993e-01
1.130661756789503730e-01
1.653761474434789214e-01
1.338077242455698590e-01
1.430420325810614623e-01
1.535422317427609651e-01
1.405637240691720857e-01
1.586048893565579765e-01
1.224915157920826309e-01
1.562545382988446696e-01
1.406225077227407638e-01
1.643226451075357475e-01
1.318164843921533491e-01
1.385190712704239824e-01
2.386578693180680111e-01
1.294213050294001355e-01
1.606394460324744589e-01
1.557940557356161937e-01
1.765387370239913933e-01
1.271485846068437231e-01
1.466120314027236360e-01
1.382317280148867011e-01
1.577937019412282704e-01
9.285670648249322312e-02
1.196365365419095467e-01
1.518436940635157772e-01
1.322642397615120535e-01
1.329975643535551699e-01
1.102662469585660165e-01
1.193469149665602885e-01
1.492580052458062079e-01
1.554098320650449394e-01
1.407452736746258037e-01
1.712823482807920294e-01
1.298390981617155993e-01
1.542033713758061697e-01
1.387310406651267591e-01
1.651861846075565188e-01
1.750393095186406345e-01
1.586742554474580569e-01
1.146285464532398740e-01
1.402888677341810886e-01
1.456176150209207709e-01
1.715441594957141380e-01
1.795430130010595149e-01
1.209048538523690292e-01
1.195099614052785447e-01
1.456287189698160511e-01
1.471685936849039811e-01
1.830831611058685027e-01
1.530167872294791453e-01
1.751404091899269044e-01
1.604307772861598980e-01
1.579487885148782855e-01
1.611540016601424874e-01
1.113101639329972248e-01
1.537445345700395039e-01
1.309933427603826583e-01
1.813983398205800124e-01
1.785315195533663801e-01
1.309855063418031984e-01
1.659990878893220501e-01
1.531718720980166648e-01
1.526572820415304232e-01
1.594359181691202554e-01
1.729137029889780131e-01
1.446173539869141378e-01
1.688533924910583794e-01
1.306541784212894852e-01
1.288530678090112902e-01
1.244729632077407055e-01
1.279237056823204766e-01
1.324930662327403197e-01
1.306421760484040573e-01
1.498408435192420396e-01
1.484856193875272456e-01
1.366963791359863678e-01
1.375391634838050992e-01
1.260539040574735481e-01
1.421298246925235820e-01
1.620996125617772954e-01
1.171287234064875005e-01
1.320551815984954969e-01
1.284074128689258187e-01
1.323862624154985845e-01
1.355004944281738011e-01
1.410510193457217010e-01
1.579990744446888307e-01
1.467059174287292656e-01
1.570352663266546267e-01
1.297836808210069415e-01
1.330803378554320238e-01
1.507097912880150936e-01
1.510432708026325788e-01
1.481386816434519249e-01
1.238795003084739582e-01
1.509495494803233251e-01
1.174332657500349875e-01
1.540473584898547355e-01
1.485891431074521929e-01
1.888785730953713160e-01
1.690102538615967931e-01
1.563391708315564621e-01
1.769541699336794616e-01
1.751732991842291642e-01
1.699871521825150333e-01
1.585753944790133374e-01
1.900186025240764298e-01
1.511607427054990627e-01
