1.106123822779515875e-02
1.034598723887832951e-02
1.034598723887832951e-02
8.992588526463047779e-03
8.992588526463047779e-03
8.871799411254290696e-03
8.000352045061330172e-03
8.000352045061330172e-03
8.000352045061330172e-03
8.000352045061330172e-03
8.000352045061330172e-03
8.000352045061330172e-03
7.340542077444015857e-03
7.340542077444015857e-03
7.340542077444015857e-03
7.340542077444015857e-03
7.340542077444015857e-03
7.340542077444015857e-03
7.340542077444015857e-03
7.340542077444015857e-03
7.340542077444015857e-03
7.340542077444015857e-03
7.340542077444015857e-03
7.340542077444015857e-03
7.340542077444015857e-03
7.340542077444015857e-03
7.340542077444015857e-03
7.340542077444015857e-03
7.340542077444015857e-03
7.340542077444015857e-03
7.340542077444015857e-03
7.340542077444015857e-03
7.340542077444015857e-03
7.340542077444015857e-03
7.340542077444015857e-03
7.340542077444015857e-03
7.340542077444015857e-03
7.340542077444015857e-03
7.215594856345442995e-03
7.215594856345442995e-03
7.215594856345442995e-03
7.215594856345442995e-03
7.215594856345442995e-03
7.215594856345442995e-03
7.215594856345442995e-03
7.215594856345442995e-03
7.215594856345442995e-03
7.215594856345442995e-03
7.215594856345442995e-03
7.215594856345442995e-03
7.215594856345442995e-03
7.215594856345442995e-03
7.215594856345442995e-03
7.215594856345442995e-03
7.215594856345442995e-03
7.215594856345442995e-03
7.215594856345442995e-03
7.215594856345442995e-03
7.215594856345442995e-03
7.215594856345442995e-03
6.757219670881921270e-03
6.757219670881921270e-03
6.757219670881921270e-03
6.757219670881921270e-03
6.757219670881921270e-03
6.757219670881921270e-03
6.757219670881921270e-03
6.757219670881921270e-03
6.757219670881921270e-03
6.757219670881921270e-03
6.757219670881921270e-03
6.757219670881921270e-03
6.757219670881921270e-03
6.757219670881921270e-03
6.757219670881921270e-03
6.757219670881921270e-03
6.757219670881921270e-03
6.757219670881921270e-03
6.757219670881921270e-03
6.757219670881921270e-03
6.757219670881921270e-03
6.757219670881921270e-03
6.757219670881921270e-03
6.757219670881921270e-03
6.757219670881921270e-03
6.515941652545960763e-03
6.515941652545960763e-03
6.515941652545960763e-03
6.515941652545960763e-03
6.515941652545960763e-03
6.515941652545960763e-03
6.515941652545960763e-03
6.515941652545960763e-03
6.515941652545960763e-03
6.515941652545960763e-03
6.515941652545960763e-03
6.515941652545960763e-03
6.515941652545960763e-03
6.515941652545960763e-03
6.515941652545960763e-03
6.515941652545960763e-03
6.515941652545960763e-03
6.515941652545960763e-03
6.515941652545960763e-03
6.515941652545960763e-03
6.515941652545960763e-03
6.515941652545960763e-03
6.515941652545960763e-03
6.515941652545960763e-03
6.515941652545960763e-03
6.515941652545960763e-03
6.515941652545960763e-03
6.515941652545960763e-03
6.515941652545960763e-03
6.515941652545960763e-03
6.515941652545960763e-03
6.515941652545960763e-03
6.515941652545960763e-03
6.515941652545960763e-03
6.515941652545960763e-03
6.515941652545960763e-03
6.515941652545960763e-03
6.515941652545960763e-03
6.515941652545960763e-03
6.515941652545960763e-03
6.515941652545960763e-03
6.515941652545960763e-03
6.515941652545960763e-03
6.515941652545960763e-03
6.515941652545960763e-03
6.515941652545960763e-03
6.515941652545960763e-03
6.515941652545960763e-03
6.515941652545960763e-03
6.515941652545960763e-03
6.515941652545960763e-03
6.515941652545960763e-03
6.515941652545960763e-03
6.515941652545960763e-03
6.515941652545960763e-03
6.515941652545960763e-03
6.515941652545960763e-03
6.515941652545960763e-03
6.515941652545960763e-03
6.515941652545960763e-03
6.515941652545960763e-03
6.515941652545960763e-03
6.515941652545960763e-03
6.515941652545960763e-03
6.515941652545960763e-03
6.515941652545960763e-03
6.515941652545960763e-03
6.515941652545960763e-03
6.515941652545960763e-03
6.515941652545960763e-03
6.515941652545960763e-03
6.515941652545960763e-03
6.515941652545960763e-03
6.515941652545960763e-03
6.515941652545960763e-03
6.515941652545960763e-03
6.515941652545960763e-03
6.515941652545960763e-03
6.515941652545960763e-03
6.515941652545960763e-03
6.515941652545960763e-03
6.515941652545960763e-03
6.515941652545960763e-03
6.515941652545960763e-03
6.515941652545960763e-03
6.515941652545960763e-03
6.515941652545960763e-03
6.515941652545960763e-03
6.515941652545960763e-03
6.515941652545960763e-03
6.515941652545960763e-03
6.515941652545960763e-03
6.515941652545960763e-03
6.515941652545960763e-03
6.515941652545960763e-03
6.515941652545960763e-03
6.515941652545960763e-03
6.515941652545960763e-03
6.515941652545960763e-03
6.515941652545960763e-03
6.515941652545960763e-03
6.515941652545960763e-03
6.515941652545960763e-03
6.515941652545960763e-03
6.515941652545960763e-03
6.515941652545960763e-03
6.515941652545960763e-03
6.515941652545960763e-03
6.515941652545960763e-03
6.515941652545960763e-03
6.515941652545960763e-03
6.515941652545960763e-03
6.515941652545960763e-03
6.515941652545960763e-03
6.515941652545960763e-03
6.515941652545960763e-03
6.515941652545960763e-03
6.515941652545960763e-03
6.515941652545960763e-03
6.515941652545960763e-03
6.515941652545960763e-03
6.515941652545960763e-03
6.515941652545960763e-03
6.515941652545960763e-03
6.515941652545960763e-03
6.515941652545960763e-03
6.515941652545960763e-03
6.515941652545960763e-03
6.515941652545960763e-03
6.515941652545960763e-03
6.515941652545960763e-03
6.515941652545960763e-03
6.515941652545960763e-03
6.515941652545960763e-03
6.515941652545960763e-03
6.515941652545960763e-03
6.515941652545960763e-03
6.515941652545960763e-03
6.515941652545960763e-03
6.515941652545960763e-03
6.515941652545960763e-03
6.515941652545960763e-03
6.515941652545960763e-03
6.515941652545960763e-03
6.515941652545960763e-03
6.515941652545960763e-03
6.515941652545960763e-03
6.295692801632711902e-03
6.295692801632711902e-03
6.295692801632711902e-03
6.295692801632711902e-03
6.295692801632711902e-03
6.295692801632711902e-03
6.295692801632711902e-03
6.295692801632711902e-03
6.295692801632711902e-03
6.295692801632711902e-03
6.295692801632711902e-03
6.295692801632711902e-03
6.295692801632711902e-03
6.295692801632711902e-03
6.295692801632711902e-03
6.295692801632711902e-03
6.295692801632711902e-03
6.295692801632711902e-03
6.295692801632711902e-03
6.295692801632711902e-03
6.295692801632711902e-03
6.295692801632711902e-03
6.295692801632711902e-03
6.295692801632711902e-03
6.295692801632711902e-03
6.295692801632711902e-03
6.295692801632711902e-03
6.295692801632711902e-03
6.295692801632711902e-03
6.295692801632711902e-03
6.295692801632711902e-03
6.295692801632711902e-03
6.295692801632711902e-03
6.295692801632711902e-03
6.295692801632711902e-03
6.295692801632711902e-03
6.295692801632711902e-03
6.295692801632711902e-03
6.295692801632711902e-03
6.295692801632711902e-03
6.295692801632711902e-03
6.295692801632711902e-03
6.295692801632711902e-03
6.295692801632711902e-03
6.295692801632711902e-03
6.295692801632711902e-03
6.295692801632711902e-03
6.295692801632711902e-03
6.295692801632711902e-03
6.295692801632711902e-03
6.295692801632711902e-03
6.295692801632711902e-03
6.295692801632711902e-03
6.295692801632711902e-03
6.295692801632711902e-03
6.295692801632711902e-03
6.295692801632711902e-03
6.295692801632711902e-03
6.295692801632711902e-03
6.295692801632711902e-03
6.295692801632711902e-03
6.295692801632711902e-03
6.295692801632711902e-03
6.295692801632711902e-03
6.295692801632711902e-03
6.295692801632711902e-03
6.295692801632711902e-03
6.295692801632711902e-03
6.295692801632711902e-03
6.295692801632711902e-03
6.295692801632711902e-03
6.295692801632711902e-03
6.295692801632711902e-03
6.295692801632711902e-03
6.295692801632711902e-03
6.295692801632711902e-03
6.295692801632711902e-03
6.295692801632711902e-03
6.295692801632711902e-03
6.295692801632711902e-03
6.295692801632711902e-03
6.295692801632711902e-03
6.295692801632711902e-03
6.295692801632711902e-03
6.295692801632711902e-03
6.295692801632711902e-03
6.295692801632711902e-03
6.295692801632711902e-03
6.295692801632711902e-03
6.295692801632711902e-03
6.295692801632711902e-03
6.295692801632711902e-03
6.295692801632711902e-03
6.295692801632711902e-03
6.295692801632711902e-03
6.295692801632711902e-03
6.295692801632711902e-03
6.295692801632711902e-03
6.295692801632711902e-03
6.295692801632711902e-03
6.295692801632711902e-03
6.295692801632711902e-03
6.295692801632711902e-03
6.295692801632711902e-03
6.295692801632711902e-03
6.295692801632711902e-03
6.295692801632711902e-03
6.295692801632711902e-03
6.295692801632711902e-03
6.295692801632711902e-03
6.295692801632711902e-03
6.295692801632711902e-03
6.295692801632711902e-03
6.295692801632711902e-03
6.295692801632711902e-03
6.295692801632711902e-03
6.295692801632711902e-03
6.295692801632711902e-03
6.295692801632711902e-03
6.295692801632711902e-03
6.295692801632711902e-03
6.295692801632711902e-03
6.295692801632711902e-03
6.295692801632711902e-03
6.295692801632711902e-03
6.295692801632711902e-03
6.295692801632711902e-03
6.295692801632711902e-03
6.295692801632711902e-03
6.295692801632711902e-03
6.295692801632711902e-03
6.295692801632711902e-03
6.295692801632711902e-03
6.295692801632711902e-03
6.295692801632711902e-03
6.295692801632711902e-03
6.295692801632711902e-03
6.295692801632711902e-03
6.295692801632711902e-03
6.295692801632711902e-03
6.295692801632711902e-03
6.295692801632711902e-03
6.295692801632711902e-03
6.295692801632711902e-03
6.295692801632711902e-03
6.295692801632711902e-03
6.295692801632711902e-03
6.295692801632711902e-03
6.295692801632711902e-03
6.295692801632711902e-03
6.295692801632711902e-03
6.295692801632711902e-03
6.295692801632711902e-03
6.295692801632711902e-03
6.295692801632711902e-03
6.295692801632711902e-03
6.295692801632711902e-03
6.295692801632711902e-03
6.295692801632711902e-03
6.295692801632711902e-03
6.295692801632711902e-03
6.295692801632711902e-03
6.295692801632711902e-03
6.295692801632711902e-03
6.295692801632711902e-03
6.295692801632711902e-03
6.295692801632711902e-03
6.295692801632711902e-03
6.295692801632711902e-03
6.295692801632711902e-03
6.295692801632711902e-03
6.295692801632711902e-03
6.295692801632711902e-03
6.295692801632711902e-03
6.295692801632711902e-03
6.295692801632711902e-03
6.295692801632711902e-03
6.295692801632711902e-03
6.295692801632711902e-03
6.295692801632711902e-03
6.295692801632711902e-03
6.295692801632711902e-03
6.295692801632711902e-03
6.295692801632711902e-03
6.295692801632711902e-03
6.295692801632711902e-03
6.295692801632711902e-03
6.295692801632711902e-03
6.295692801632711902e-03
6.295692801632711902e-03
6.295692801632711902e-03
6.295692801632711902e-03
6.295692801632711902e-03
6.295692801632711902e-03
6.295692801632711902e-03
6.295692801632711902e-03
6.295692801632711902e-03
6.295692801632711902e-03
6.295692801632711902e-03
6.295692801632711902e-03
6.295692801632711902e-03
6.295692801632711902e-03
6.295692801632711902e-03
6.295692801632711902e-03
6.295692801632711902e-03
6.295692801632711902e-03
6.295692801632711902e-03
6.295692801632711902e-03
6.295692801632711902e-03
6.295692801632711902e-03
6.295692801632711902e-03
6.295692801632711902e-03
6.295692801632711902e-03
6.295692801632711902e-03
6.295692801632711902e-03
6.295692801632711902e-03
6.295692801632711902e-03
6.295692801632711902e-03
6.295692801632711902e-03
6.295692801632711902e-03
6.295692801632711902e-03
6.295692801632711902e-03
6.295692801632711902e-03
6.295692801632711902e-03
6.295692801632711902e-03
6.295692801632711902e-03
6.295692801632711902e-03
6.295692801632711902e-03
6.295692801632711902e-03
6.295692801632711902e-03
6.295692801632711902e-03
6.295692801632711902e-03
6.295692801632711902e-03
6.295692801632711902e-03
6.295692801632711902e-03
6.295692801632711902e-03
6.295692801632711902e-03
6.295692801632711902e-03
6.295692801632711902e-03
6.295692801632711902e-03
6.295692801632711902e-03
6.295692801632711902e-03
6.295692801632711902e-03
6.295692801632711902e-03
6.295692801632711902e-03
6.295692801632711902e-03
6.295692801632711902e-03
6.295692801632711902e-03
6.295692801632711902e-03
6.295692801632711902e-03
6.295692801632711902e-03
6.295692801632711902e-03
6.295692801632711902e-03
6.295692801632711902e-03
6.295692801632711902e-03
6.295692801632711902e-03
6.295692801632711902e-03
6.295692801632711902e-03
6.295692801632711902e-03
6.295692801632711902e-03
6.295692801632711902e-03
6.295692801632711902e-03
6.295692801632711902e-03
6.295692801632711902e-03
6.295692801632711902e-03
6.295692801632711902e-03
6.295692801632711902e-03
6.295692801632711902e-03
