7.446661330270649970e-02
7.543977709912007279e-02
7.357092265277564991e-02
6.885173326509842762e-02
5.977052228245971488e-02
6.818363935184906799e-02
5.277200944382878095e-02
5.678759794514275788e-02
6.667520650775378421e-02
5.709459628932363889e-02
5.676941552200082813e-02
6.289719621615509626e-02
6.668469488831534064e-02
5.577117429802658233e-02
4.787763605110753606e-02
5.127653971174191833e-02
4.946211571583793154e-02
5.381469791294470756e-02
4.935615917205389558e-02
4.705448276447311839e-02
5.169605639262169622e-02
5.458297822866149673e-02
4.983503788126159018e-02
6.316683695980657154e-02
6.616666508979865413e-02
7.676316677109902564e-02
7.221057855357658484e-02
7.130055459590949052e-02
7.318765328298534878e-02
6.459904512805510202e-02
5.882944235361676349e-02
5.531779539143560909e-02
6.382433780404864199e-02
6.831046208483049220e-02
7.270042839636971232e-02
7.188781278882148962e-02
7.484379054031486955e-02
7.414807867613522341e-02
7.462217821064046075e-02
7.378729927942112576e-02
7.626245175428687795e-02
6.364006585618188494e-02
6.752101302725986576e-02
6.742326312905812247e-02
7.311064059111012370e-02
7.330408584476527656e-02
7.159049282842012973e-02
6.943628065158101437e-02
6.544036745517010922e-02
5.988658100409673113e-02
5.906693938912933178e-02
5.434337187540527747e-02
5.868648076793963470e-02
6.381473708231780173e-02
6.143299987179347277e-02
6.018337468964978648e-02
6.174885420119445578e-02
5.950437261215407031e-02
6.666933453375933905e-02
6.448233711086112652e-02
6.493282733132448026e-02
7.131151709878404132e-02
6.285030983965700369e-02
6.437181967450698872e-02
6.783982572963533075e-02
7.047606691436199278e-02
6.348583229890152058e-02
7.285874094238681264e-02
6.883653416739590747e-02
6.414952985147356901e-02
6.250468309744433570e-02
6.218886003850641192e-02
6.150340405609372452e-02
6.188837385866030605e-02
6.528407607103309251e-02
5.546107365510373477e-02
4.776237179487326234e-02
4.292174823553249197e-02
4.043577450484415331e-02
3.899556102995573731e-02
3.955934013920316822e-02
4.208184393303710663e-02
4.302346123497438612e-02
4.722451901269267283e-02
4.220244061103271827e-02
3.957054427296946564e-02
3.670088159825685842e-02
4.260034560181305552e-02
3.599277385348681468e-02
3.799579058931267656e-02
3.710888811063259990e-02
4.086265515450785563e-02
4.262966862424441561e-02
4.408191419748480611e-02
4.581022704941964396e-02
5.081889550845387210e-02
4.564041154373878889e-02
4.771709428106895440e-02
3.809064914416519093e-02
4.568058589679390574e-02
4.135784141083350546e-02
3.949989076180225600e-02
4.075154774806014762e-02
4.187688945466636753e-02
4.051274875264612718e-02
4.070631237875930314e-02
3.793383943119209289e-02
4.441759884950506609e-02
3.885145456072656295e-02
3.726800169474181468e-02
4.131864892781981352e-02
4.798950572730422554e-02
5.017513900309250596e-02
4.744337957363633368e-02
4.659957194677153552e-02
4.106486557613733823e-02
4.379037043444961030e-02
4.560193590834196037e-02
4.587336727575137829e-02
5.939129911148415680e-02
6.485507388855671351e-02
7.501781960410897065e-02
6.784085950683463317e-02
8.905932509109687478e-02
9.016526703327837344e-02
9.769991500317132260e-02
9.048147676759184244e-02
9.023806240575087123e-02
9.385535037748730935e-02
9.065730044493036655e-02
8.933913307576134277e-02
8.907242469387655071e-02
8.513588488382366204e-02
7.911433772564596678e-02
7.759375085340965150e-02
7.020836699586682772e-02
6.263638129063787974e-02
6.197437615244044684e-02
5.625136436843251875e-02
6.160229406841431776e-02
5.509001229805000205e-02
6.205436828464845622e-02
6.938431215192614188e-02
7.398421581745577569e-02
7.967154712194850219e-02
8.365043353506382284e-02
7.463487598091322894e-02
6.628990037931209445e-02
5.920860008878784525e-02
5.858547103604661715e-02
6.124866722626767790e-02
6.622889658974367988e-02
7.595038374106322099e-02
7.502875551886724337e-02
7.844559946988445553e-02
6.558782054081478685e-02
7.151146632887826760e-02
7.394997341711113947e-02
7.455180900094020291e-02
6.763436294579149022e-02
5.192718120645990754e-02
4.919976346532822786e-02
4.544392170638539286e-02
4.596202113687260921e-02
4.462931791148971872e-02
5.045629797855669119e-02
6.456728965524777264e-02
6.582236950877896897e-02
5.854734147049267534e-02
5.592679121098212414e-02
5.990945404798007912e-02
6.090408479992419355e-02
7.107421209647678262e-02
6.860160383074194457e-02
8.453875287990543497e-02
8.543396971448102839e-02
8.881945495696166870e-02
9.145856365233624719e-02
8.470594724877002213e-02
8.935569706236615173e-02
9.612433764158502536e-02
9.179380592232842806e-02
9.059540655095277284e-02
9.197606192980954665e-02
9.093201938113686100e-02
9.744793909653698405e-02
9.369892139655748575e-02
8.522546209072914825e-02
9.204958845418095836e-02
8.794937967500400522e-02
8.676678672353281552e-02
8.711739418461607320e-02
8.467800511730122492e-02
8.726956567624660766e-02
8.561572951001598930e-02
8.416239300722297423e-02
7.866578728820976252e-02
7.120510165445734230e-02
8.237039184598703156e-02
7.699401469102139239e-02
7.818557851447652252e-02
7.132967380285808179e-02
7.979422294463951737e-02
8.978095721761178427e-02
8.649109147360253824e-02
7.547302428081438530e-02
7.583752069394079920e-02
8.207922414819367185e-02
8.849112172683651356e-02
9.025872553738557846e-02
9.530092033540059349e-02
8.130991232722727113e-02
7.679804869578316096e-02
7.415002873456427723e-02
7.686605096024308470e-02
6.858788289649714320e-02
7.751908675311731944e-02
8.434635424925242264e-02
9.541515037238323949e-02
8.455106812379174774e-02
8.379617187377717824e-02
9.062297578611877569e-02
9.084781196322472274e-02
9.939055493973557309e-02
1.002905101482493566e-01
8.643972350714305974e-02
7.775716584810316023e-02
6.331470484741555382e-02
3.984888436767294179e-02
3.232795800477012566e-02
3.520808161733710723e-02
4.451566424309517933e-02
4.551949458132804188e-02
4.359754308824995150e-02
3.437316727270092048e-02
3.967767406786958800e-02
4.571973754206703350e-02
4.083811933119663867e-02
4.508441599509731973e-02
4.153192030432394793e-02
5.227265410563530085e-02
5.556455733943552883e-02
4.606697796083460833e-02
3.959006473614053168e-02
4.504570482382105889e-02
3.889867483997531961e-02
3.799940443344754226e-02
3.576015699840583845e-02
3.761974136746131653e-02
3.876530493700414831e-02
4.262671455581409918e-02
3.639112244691605075e-02
3.562173421660754652e-02
4.338927665849809379e-02
4.126769959361686196e-02
3.428934557837535341e-02
4.118605575993248419e-02
3.705944474117627008e-02
3.652452239288340313e-02
4.300797128038440220e-02
3.472272245470079538e-02
3.921158352246741780e-02
3.500334728764214337e-02
4.129367566559216662e-02
3.593160165322957511e-02
3.435311775264457412e-02
3.669549749025240865e-02
3.868922547168110460e-02
3.621418180938801995e-02
3.687129602975212223e-02
3.840561099489874647e-02
3.520786843110994963e-02
4.391465028192043096e-02
3.776918610321988723e-02
3.621417451722758890e-02
3.425741804953399278e-02
4.302013274426363248e-02
3.540704719208262463e-02
3.499291252185605244e-02
3.430023577051517086e-02
3.972818205950502668e-02
3.802168823215847787e-02
3.881095176232410987e-02
4.009876877660236566e-02
3.694738890549877086e-02
3.563600809859240881e-02
3.700625009469086374e-02
4.064413561441865275e-02
3.887127043479000899e-02
3.951036135631239010e-02
3.695845036390688759e-02
3.478297973687625305e-02
3.933791998360065822e-02
3.761523309806268089e-02
4.035954340801680557e-02
3.983176667489690681e-02
3.898111138857845298e-02
4.017188739520720364e-02
3.323624166543298619e-02
3.364055819595019453e-02
3.817702744941516707e-02
4.331192083254727793e-02
3.504549113309290975e-02
3.633035820884576717e-02
3.968669991421658327e-02
3.644741937903651918e-02
3.563773153897427381e-02
3.597182260901757300e-02
3.428446833128923760e-02
3.693636645275601149e-02
3.947533774965426845e-02
3.759899939152272497e-02
2.878551244172706386e-02
3.889079116141884451e-02
3.659638501561312401e-02
2.856481436250734099e-02
3.462772280965727145e-02
3.651706420134819692e-02
3.741687685640274208e-02
2.740833652987916327e-02
3.671485612570455498e-02
3.929624981652189708e-02
4.362195339299872882e-02
3.838714656242939866e-02
4.297560276067442786e-02
4.036363985351895667e-02
3.654242441933327340e-02
3.688465987404193624e-02
3.930606834714324427e-02
4.099608143688590611e-02
4.152718478058749912e-02
4.243552853539288988e-02
4.016605677619353859e-02
3.931325449220102186e-02
3.472515124225936112e-02
3.589193317815013440e-02
3.980631228973607189e-02
3.385660643864513153e-02
4.285870991595804036e-02
4.706572815356375311e-02
4.516064697468834960e-02
4.190815930350210577e-02
3.224255464184632575e-02
3.540521762199823341e-02
4.488937264380569309e-02
4.188465259340422991e-02
3.471027565353643901e-02
3.603832662503410333e-02
3.386875251502415723e-02
3.924614838629437302e-02
3.387575241510264873e-02
3.761800163698685723e-02
3.727225786636809840e-02
3.724485022571256271e-02
3.588529342018116630e-02
3.477047335064388511e-02
3.919520009050325715e-02
3.816305297056153678e-02
3.531046163383024655e-02
3.717227562419452014e-02
4.727426041414883179e-02
4.066132645255245842e-02
3.675216700015389998e-02
3.572161817927959476e-02
3.058404974078148333e-02
3.815722479834437325e-02
3.750692825008171416e-02
3.788263852926134628e-02
3.621007806235258808e-02
4.096908111240289696e-02
3.336448055502697074e-02
3.722058627001857689e-02
4.039710618153081328e-02
3.712088939773433571e-02
4.525176159554972904e-02
4.462028109541609638e-02
3.304587371565958359e-02
3.655695813129717503e-02
3.747586710091536238e-02
3.339657280637130937e-02
3.605093166705714697e-02
3.785237143876499927e-02
4.610067953615630543e-02
4.317997175165989160e-02
4.023571715924002118e-02
4.245245732025160895e-02
3.992008347711300392e-02
4.130904548974892454e-02
3.960997650853258917e-02
4.118371390472700538e-02
3.803141758039731146e-02
4.057346374007369388e-02
3.740032059109082291e-02
3.860665041019707699e-02
3.979968196214086346e-02
3.683012552798899109e-02
3.735443518218111575e-02
3.842183788811769779e-02
3.618363868705735953e-02
3.491144145691903178e-02
3.800220168040178981e-02
4.199370988328910564e-02
3.399902794273412798e-02
3.727182431017106445e-02
3.618921877503277623e-02
3.833406520706368614e-02
4.039082385425032951e-02
4.029299855869551000e-02
4.098429343290128229e-02
3.853142031448686389e-02
3.964636231423340068e-02
3.344128866779885745e-02
3.474466385731986989e-02
3.876639978278914600e-02
3.512149133951646823e-02
3.643395169310995052e-02
3.824122214285381738e-02
4.006066280665997181e-02
4.013619956676692246e-02
3.634184486537066217e-02
3.598694642053520271e-02
3.339058555771281384e-02
3.616415158026096283e-02
3.603556528382917401e-02
3.741979560391848342e-02
3.933097420607836736e-02
3.824867892377406542e-02
4.161724968411765341e-02
3.148561807929630557e-02
3.681150658587437757e-02
3.729409899671876777e-02
3.470858279177646555e-02
4.099197122092883283e-02
3.803330888172266888e-02
3.705153793685630331e-02
3.500410591235967456e-02
3.786693929994451591e-02
4.152316925243919321e-02
4.010133496604275510e-02
4.153285754590936574e-02
3.855367920967157219e-02
4.012463292845013657e-02
4.619205702918046524e-02
4.851292608110164412e-02
3.987224246801457372e-02
4.142964653199305430e-02
3.915835429720310179e-02
3.327905851187096253e-02
3.604820365037447738e-02
3.394472237303701456e-02
3.490936576484057752e-02
3.621634222887801929e-02
4.038007417322444365e-02
4.353306041600468052e-02
3.651744132646399937e-02
3.551163387124575688e-02
3.818693781711978569e-02
3.829895485078844281e-02
3.811577953715755002e-02
3.673272418427525610e-02
3.876806330703408410e-02
3.652365128277031830e-02
3.952351091333488470e-02
3.996615519665673577e-02
3.914395243492181653e-02
4.016537389486221632e-02
3.547835435300178419e-02
4.008888688750112533e-02
3.475845568642375177e-02
4.064665576237830313e-02
4.219003065348794768e-02
4.447004054993142219e-02
4.662419272053950486e-02
4.806985408634832646e-02
5.221083248828465445e-02
5.250969971738901620e-02
5.445919721982859368e-02
4.347180921884796073e-02
4.090567002532666946e-02
4.595341335884128159e-02
3.847316674036067863e-02
3.902569120293539195e-02
3.917023479282891879e-02
4.398856224156379169e-02
5.295330651782326203e-02
5.396767113840288121e-02
5.262826618853540944e-02
4.239973797589940280e-02
3.404360657714296939e-02
4.183146890662633316e-02
3.662016178336971461e-02
4.120657061314619840e-02
3.711380680302929502e-02
3.770970805925920322e-02
3.321372255119251632e-02
3.906644360751996420e-02
4.052324348175250640e-02
4.203713796499886773e-02
3.754494755493071462e-02
3.533079604937720830e-02
