2.279006635603667841e-01
2.295965456570004948e-01
2.347647870844317697e-01
2.017475928490504167e-01
1.889614009186256494e-01
1.679806496681335859e-01
1.551298217433011439e-01
1.575468247846802394e-01
8.491845150934734798e-02
1.210595684325849603e-01
1.291651338678397043e-01
1.434740182735483038e-01
1.194888496101785963e-01
8.605243600037637552e-02
6.964528265608209423e-02
7.329351286178877045e-02
8.182326420619037699e-02
7.229532002611953334e-02
6.450878926346104159e-02
7.455445348252894011e-02
8.051141409679921090e-02
7.964323238652742942e-02
8.866335922645721124e-02
9.890608221341029571e-02
1.012126335598574761e-01
1.022778345723281551e-01
1.019803893506724540e-01
8.367478867520411479e-02
9.573031406155270429e-02
8.995462914605517613e-02
7.593792812991581598e-02
7.490414562140564059e-02
6.834659695435252313e-02
7.363798267670831899e-02
8.078769018235551491e-02
8.045451281142333710e-02
8.544381539679267445e-02
8.841458471672615504e-02
9.281536165016208983e-02
1.103174315556823548e-01
1.175413190419493381e-01
1.308347689092707877e-01
1.446363259996281125e-01
1.127642153701589739e-01
1.143770558363914058e-01
1.122960937260214509e-01
1.151704200213226892e-01
1.167588809858886023e-01
1.177033109012530221e-01
1.059023983655536655e-01
1.027824845772282586e-01
1.120095907720525391e-01
1.089888591082632668e-01
9.630123726081828150e-02
9.859557325097074998e-02
1.086640633930412159e-01
9.744801792535626173e-02
9.260404087278381602e-02
9.595264289149094128e-02
1.004375089833018375e-01
1.028956904976902620e-01
8.791876088496693165e-02
7.966613660540899922e-02
8.693281020319444663e-02
9.453817324502734876e-02
9.279022898975086697e-02
9.164070522687954579e-02
7.393984406876236148e-02
7.999911409619582525e-02
8.216315824849111660e-02
9.041805787309760423e-02
9.556707124667845887e-02
9.267068437873340891e-02
8.710502448660270569e-02
9.566152656243448460e-02
8.223997458621393197e-02
6.713051495947046365e-02
5.341423219264550964e-02
6.069354587976200088e-02
6.045633224448625914e-02
6.489296124986695946e-02
6.183433300460055432e-02
5.768612800962622661e-02
4.726738508926526389e-02
4.264208052113001995e-02
4.053922845269836844e-02
3.967836099095321811e-02
5.462860106808459931e-02
6.152824598113573046e-02
6.221237392379318221e-02
6.428741970614247625e-02
6.442735956599898728e-02
6.425392482092609492e-02
5.834171176246919638e-02
6.060787783474216872e-02
5.712208693918586350e-02
6.272751993420318251e-02
6.478875135491367343e-02
6.804762335759911851e-02
7.716567324167201980e-02
7.635283119899409499e-02
8.351139568648117961e-02
1.025006332179115437e-01
1.038963212214173149e-01
1.087504231337427796e-01
1.046889369044729790e-01
9.502751619497702695e-02
7.695961082754892990e-02
6.397786466454871701e-02
5.299284786960065108e-02
4.727587552523292158e-02
4.953464508305961689e-02
5.635495909952376037e-02
5.601721374537078219e-02
5.961283457007793968e-02
7.000084473057671675e-02
6.914408821246961767e-02
8.210308078631588236e-02
1.017034306645797775e-01
9.956176456149309906e-02
1.109591496189858417e-01
1.129811370593033215e-01
1.162371088109225153e-01
1.113363178209245269e-01
9.927598727673751788e-02
1.109120821032369975e-01
1.344492949949383787e-01
1.417852016849851793e-01
1.408904489831893370e-01
1.271233280965272383e-01
1.322188210010073195e-01
1.278117905586372283e-01
1.036983436218431864e-01
9.869589851868872110e-02
1.075298829101423159e-01
1.064598115371281212e-01
9.369737981809631022e-02
8.205125032235835447e-02
9.682999014512824743e-02
9.703695049956283236e-02
1.051617722507461189e-01
1.225865868179699947e-01
9.583056231886427634e-02
1.104604486565940180e-01
1.026886225644024625e-01
1.106465892911874110e-01
1.195194114942984970e-01
1.018672392651246011e-01
9.492939656114351976e-02
1.029763991831555148e-01
9.501975888082495048e-02
9.175031113692669327e-02
8.366424379595056859e-02
9.233185825288500737e-02
9.320682153956606764e-02
1.056624165748456801e-01
1.013724583922722966e-01
1.060509519388013189e-01
1.055418248333449271e-01
1.078765503199847903e-01
1.154407480243537232e-01
9.846629001524757896e-02
8.980078543006897451e-02
9.241083955461747157e-02
1.107920480000232633e-01
1.138484809216964017e-01
1.213990978597298542e-01
1.084810109567593134e-01
9.214575697371647778e-02
8.437492043726896318e-02
8.771028538910330408e-02
1.040336701000161707e-01
1.119246683325662156e-01
1.199230871920832636e-01
1.034463299681580573e-01
1.004452717114961702e-01
1.007585184890357755e-01
9.630112558144587886e-02
9.866329550511721003e-02
7.983628767980795182e-02
7.460555563455026351e-02
6.887312227682401700e-02
6.599341215485442225e-02
7.572180786500191940e-02
7.349568064396504175e-02
7.077255586069124138e-02
7.527421155845732959e-02
8.590598580847061405e-02
9.065181781170206232e-02
8.690359578215038627e-02
9.403907739824073075e-02
8.582711388278389808e-02
8.014855109487069307e-02
7.598573890417679999e-02
7.226098718358567319e-02
7.088070744193845918e-02
6.963693327806903810e-02
7.239570021145351475e-02
7.323476480343431294e-02
6.824061433136260901e-02
7.717971187919311915e-02
8.449107973566995222e-02
8.395213239392244897e-02
7.904143373592963095e-02
7.162653559424334015e-02
8.020832109048345315e-02
8.484323923217824970e-02
8.920792797117867157e-02
1.004926233739283775e-01
1.084034951460360885e-01
1.080832347482909434e-01
1.012396215426052265e-01
8.930391429721666607e-02
8.988770391999406639e-02
6.645045709426967984e-02
7.362000522571839067e-02
6.411835913053809399e-02
6.918092141524201377e-02
7.470713258857281103e-02
6.085205706987862478e-02
5.606944973224584766e-02
5.399126704714107827e-02
4.944780736059705556e-02
6.032330472991744713e-02
5.977417225267384754e-02
5.698502899031510083e-02
6.411779435251936665e-02
6.398256531191226504e-02
6.240706012443086870e-02
4.931236055849034378e-02
5.715083684704476419e-02
5.147454725652574753e-02
5.006075787652997100e-02
4.562519944664884114e-02
5.865834452261076831e-02
5.446041161438742312e-02
6.860879280817029635e-02
6.976505178235550830e-02
7.722103045746274430e-02
7.304175993932206234e-02
6.645562429822805817e-02
7.008047628336840085e-02
5.882024285937178382e-02
6.722245409139838979e-02
7.362183447864212305e-02
6.710651259739357222e-02
5.530384785518500240e-02
5.835941624697035812e-02
5.391526366991790387e-02
6.084663303442990751e-02
5.938448636948351345e-02
5.910303727263038764e-02
5.646194070460548026e-02
7.099776729795859165e-02
7.322102619936178558e-02
5.467179232851005627e-02
5.173449390928384906e-02
4.879262680678768394e-02
4.844411258217056621e-02
6.061550324599051381e-02
5.214880577200178835e-02
4.735358801515968802e-02
6.036986848379479603e-02
5.649415296356340849e-02
5.527346203238999583e-02
4.497219325639065235e-02
4.136464072794091007e-02
4.323712348791380888e-02
3.722485591462365573e-02
4.008732052182868016e-02
4.016930510551666722e-02
4.016070163303121776e-02
4.006233879039804852e-02
4.350870856584808377e-02
4.104269087473538108e-02
4.255918529163803254e-02
4.522045864714501623e-02
3.863603668135413838e-02
4.623333996788544370e-02
4.908093672114264422e-02
5.239907835464378133e-02
5.916029915395906030e-02
5.944143008003709844e-02
6.045210615359177669e-02
5.255233426521678519e-02
4.405697580058379886e-02
4.654883063658094011e-02
4.448809153172099407e-02
5.025249477959866512e-02
5.897782959901438221e-02
5.139078939733092433e-02
4.732599797643304018e-02
5.167587908200690916e-02
3.756333959251333815e-02
4.308574483012241746e-02
3.934894831121973219e-02
4.450547380520733509e-02
3.284431679585059216e-02
4.417618228092258514e-02
3.808761971412894659e-02
4.247433949030388067e-02
3.697843275046334283e-02
3.988645679694261675e-02
4.178477601734757046e-02
4.407764500432007765e-02
5.876577992609131190e-02
6.390492980500153686e-02
6.254872745562951863e-02
5.110317333661156675e-02
4.128042250457456680e-02
4.655929807616568383e-02
4.783489225881614598e-02
5.133711060661950987e-02
5.033748770276337547e-02
4.172986453040451738e-02
4.213408628513570092e-02
3.729429307837014290e-02
4.442255201500128203e-02
3.915041989839506548e-02
4.022134613165096600e-02
4.682732217536948044e-02
4.940811623608191983e-02
5.728053106915476783e-02
5.743261066889208954e-02
5.724827136091623081e-02
5.444745549226599757e-02
4.733663648749093095e-02
4.668376151700872473e-02
4.393515235196397695e-02
4.215481799742260699e-02
4.451218665678027819e-02
4.291639948209613475e-02
4.243789684115089472e-02
4.018378003136815341e-02
3.908121254535931038e-02
4.438123344514098567e-02
4.995867469555752977e-02
4.553851108014286830e-02
4.743784786377232277e-02
5.118493305417325806e-02
4.803939935727241650e-02
4.124903394618158192e-02
3.850785702292195550e-02
3.888119532215043167e-02
4.534390201150248489e-02
4.602404044818268064e-02
4.460228709164663213e-02
4.565243672136583275e-02
4.617646648555304156e-02
4.515577469175604403e-02
4.829677973986541695e-02
6.335476378457156887e-02
5.388356559573849458e-02
4.692850076970115497e-02
4.804877516049368968e-02
5.310024543627552690e-02
4.457753721830387539e-02
5.088635227005915140e-02
5.620978002077654800e-02
4.786102722193170261e-02
5.251836958274341827e-02
4.268829222674846990e-02
3.540294705155654781e-02
3.501152024160836262e-02
3.858420364904639049e-02
4.376536359543332921e-02
4.714063967559976864e-02
4.119446693417705418e-02
4.951747872565913366e-02
5.563200106933598871e-02
5.450248517021739209e-02
4.266972656792016733e-02
3.759800704493364287e-02
3.818000622890807549e-02
4.222169043362743179e-02
3.689385620124920745e-02
4.143008360592363021e-02
3.832167264967865916e-02
4.614725568947659201e-02
4.955194830850701004e-02
4.003038252009823855e-02
4.004527006965605263e-02
4.429073733095525989e-02
4.901453853854487175e-02
5.055398159864434027e-02
5.448384371585105607e-02
4.859229502921698363e-02
4.833261414850806292e-02
5.811745099898151662e-02
6.057435792418361387e-02
5.635627273381187824e-02
5.031583779471954926e-02
4.783156464973138677e-02
4.301554519595818249e-02
3.559616496585459727e-02
5.192345686104049562e-02
5.445398651204996776e-02
4.317510341825216147e-02
4.519755314648241096e-02
4.055574043910549487e-02
4.527143752997257742e-02
4.672301541483697696e-02
5.249344031635616581e-02
4.200738706238505565e-02
4.119648459403919133e-02
3.978657970658756177e-02
3.984443017606665444e-02
4.653053445183061992e-02
4.880827951908889295e-02
4.857597021956122640e-02
4.734405771430817700e-02
4.502140580454156576e-02
4.574164454923379530e-02
4.477046279505232651e-02
4.302441024992188084e-02
4.718883552234770518e-02
4.556906780952200281e-02
4.137267563444971263e-02
4.864567336369988310e-02
5.204186124009952535e-02
4.040533899633348691e-02
3.730713447338498967e-02
4.163862073220126608e-02
4.855731945728931909e-02
4.746555862250193686e-02
5.139828113815574084e-02
4.420357993870941554e-02
4.782571948213562574e-02
4.390677874854493484e-02
5.019492085185810193e-02
5.813001189736380359e-02
4.671869568594984312e-02
4.439774699932177993e-02
4.349396600494252058e-02
4.949449991502460899e-02
4.350873068064976118e-02
4.581749111916223055e-02
4.840980194847866597e-02
4.429021367002205362e-02
4.118478480896053950e-02
5.262151488198963528e-02
5.335609589956188253e-02
4.693110987243935550e-02
3.991506414365450506e-02
5.183181947172998266e-02
4.171104051912378347e-02
4.068714969073967958e-02
4.417720643559414767e-02
4.727304926610285951e-02
4.704728894040620391e-02
4.242985013560725271e-02
4.784450213233887306e-02
4.274963143783130914e-02
4.717953942049697008e-02
4.325916285450804449e-02
4.277682570155442315e-02
3.958225803174814789e-02
4.781914545888693580e-02
4.441189382406374869e-02
5.248004308151166253e-02
5.038788945786240592e-02
5.336016689971149335e-02
6.745248371378381735e-02
5.929200380288731503e-02
6.858469190694574391e-02
7.333514265502795448e-02
7.895408454138944099e-02
7.327503390354461743e-02
6.606359916499396356e-02
7.130654945759921925e-02
6.823662660001016123e-02
8.138797155219210100e-02
9.581950210768465370e-02
1.084777197370287438e-01
1.074336394849040033e-01
1.038628596581648994e-01
9.542394946543159007e-02
8.841305096670552810e-02
9.092784295729246236e-02
7.062911361614238048e-02
5.100552411851359130e-02
4.589560004366101398e-02
5.044013651341128224e-02
5.138061344519109092e-02
4.785408229915330547e-02
5.846989539258664464e-02
5.973861749125457948e-02
4.228575938611537494e-02
4.386066407011750268e-02
4.311554133053313587e-02
4.698307587912522315e-02
4.610217975030854454e-02
3.942660087980501965e-02
4.702166911208939537e-02
4.758075126465452498e-02
4.397073820531532257e-02
4.470732939469657802e-02
4.668137129707727179e-02
4.557731206281272207e-02
4.172547643064871553e-02
