6.292655139286550126e-02
6.153951790087054674e-02
5.635903444241405214e-02
5.350019726688085009e-02
4.904024644679989137e-02
5.480854819999616406e-02
5.665725609266707152e-02
5.531933521231535700e-02
4.914498372141299504e-02
5.105809018759453061e-02
4.983563059582282739e-02
5.127369018330782402e-02
5.773780722477796223e-02
5.658900026905023389e-02
5.489814351537963127e-02
5.268812721893602335e-02
5.140138339942665335e-02
4.968493761128384839e-02
5.352023783136641844e-02
4.809219534544987434e-02
5.490255736153452221e-02
5.474051190820487106e-02
5.218141018193350744e-02
5.193344160126561748e-02
4.487874963891753943e-02
4.916244568363378059e-02
4.407846212552375686e-02
4.189169758108240299e-02
4.130033209527889104e-02
4.527879910608422626e-02
4.630704896768657319e-02
5.359072527540165859e-02
4.565402840456059957e-02
4.529809051663456765e-02
4.613804439418454223e-02
4.757612328884763125e-02
4.692630878288748392e-02
5.063948875357507373e-02
4.583430357298689389e-02
4.503806084679979477e-02
4.968311178740131284e-02
4.848291480803200437e-02
5.210831223114311544e-02
4.578789029165565572e-02
4.577051900088285191e-02
5.038143651674128337e-02
5.451965057000565662e-02
5.368246691852556624e-02
5.417525456039621462e-02
5.040594994796249173e-02
4.612182582483787679e-02
5.206954121244337236e-02
5.091964016710951585e-02
5.074146030869174095e-02
5.254704688191465939e-02
5.408794171853893717e-02
5.495600147439590882e-02
5.172641693728599610e-02
4.924163414413647299e-02
4.953654736614018089e-02
5.205738830333118267e-02
5.307635543215135504e-02
4.283121914232881217e-02
5.148957385163774325e-02
4.777823962088086074e-02
5.517046810179714739e-02
5.384124646188539337e-02
4.778718576975891225e-02
5.113134987820641686e-02
4.880115609686309225e-02
5.121596470788660621e-02
5.377808697409068583e-02
5.695248335777440551e-02
5.033186688228686451e-02
5.244082808883863273e-02
5.366684672206010337e-02
5.792163379168393383e-02
4.781003812523439839e-02
4.797835134990603018e-02
4.424891171911229937e-02
4.386996772657888316e-02
3.844313029680072880e-02
5.086700068848772766e-02
4.793506874424464936e-02
4.193738186135531620e-02
3.582317671325958158e-02
3.837752583746057572e-02
3.815700479497716180e-02
3.659986699279031003e-02
3.784205098345850421e-02
4.159547611500773873e-02
4.394873002210981927e-02
4.892790533568532052e-02
4.748294057241222305e-02
5.101376737460246863e-02
4.773873079238296485e-02
4.798961739974250129e-02
4.894761100317627373e-02
4.153627043565586568e-02
4.484914843427877107e-02
4.521981696057100764e-02
3.974026158884136350e-02
4.291207069834789001e-02
4.307446077141693225e-02
3.795581326093849794e-02
3.824914797067761191e-02
3.880138102771551328e-02
3.899265809653523762e-02
4.431508008463055925e-02
4.256628520274757799e-02
4.252766462633111866e-02
4.449254197257743182e-02
4.559514168339560969e-02
3.934314563295006340e-02
4.256173386657825103e-02
3.953275422565816904e-02
4.172614165754230664e-02
4.295498645427278661e-02
3.776169002757413101e-02
3.905657926615974107e-02
4.625797083027560763e-02
4.424070173387269211e-02
4.974958104850524254e-02
4.409027307554094777e-02
4.479947688101152542e-02
5.056771246970852285e-02
4.177555778683467169e-02
4.355231213874945218e-02
4.416786216121969255e-02
4.409315819438665296e-02
4.997858228336404807e-02
4.892555511237764443e-02
4.583670841819868780e-02
5.066394221106029772e-02
4.575414321797051376e-02
4.488445538222972375e-02
4.721564999735895080e-02
4.163651939383240796e-02
4.543081270381775505e-02
4.020438655146960777e-02
4.130290372839741375e-02
4.370606007791846132e-02
4.276762590748867110e-02
4.148549933150759428e-02
4.185964923518922104e-02
4.583302229397946681e-02
4.262932359936734417e-02
3.994275070931736782e-02
4.442368923917412032e-02
4.683115599612776986e-02
4.751136813217472776e-02
4.365647727305010939e-02
4.246068706576546642e-02
4.361852262850018924e-02
4.671428557085050004e-02
4.396036780068223598e-02
4.232280123627714385e-02
3.781751492055331065e-02
4.573309641989741631e-02
4.355244071789032834e-02
3.729500709724078988e-02
3.999596412309748550e-02
3.886485181816212026e-02
4.212744261677506263e-02
4.638518943227366159e-02
4.575325248313756588e-02
4.335922290961378295e-02
4.581540386977893398e-02
3.985101874882539252e-02
4.516713976602001329e-02
4.560882637525730254e-02
4.413658332575055160e-02
4.623134216433336802e-02
4.766380096533723298e-02
4.283475510581984114e-02
4.824650399155581276e-02
4.778499211569277316e-02
4.509339345784677683e-02
3.687869904659647757e-02
4.214123405544870776e-02
4.004253751269810230e-02
3.552307978357821527e-02
4.107536485055515024e-02
4.210255763438418980e-02
4.327147298914500728e-02
4.195014235615129872e-02
4.270549886567191061e-02
4.586641302758522054e-02
4.630208273613763137e-02
5.139907543144149604e-02
4.283623081950214267e-02
4.280624885850622258e-02
4.141570773916262993e-02
4.343667121666291292e-02
4.006135464586273176e-02
4.165739627791647387e-02
4.380311991873631766e-02
4.972441741397876092e-02
4.658653142400803054e-02
3.911650498573925050e-02
3.820463611506075968e-02
4.439095008902142064e-02
3.995820182683212235e-02
4.467199722577879645e-02
4.304499009768865403e-02
5.059426350127450844e-02
5.177512695521949843e-02
4.822688701764647756e-02
5.286599805354914167e-02
5.757981035383546303e-02
5.248274413937830535e-02
4.782373409214634580e-02
5.336585681207389048e-02
4.539048068655798102e-02
4.427565241904064808e-02
5.138957014997551365e-02
4.118851750726087307e-02
3.472039253759656025e-02
3.070658242186555253e-02
3.802681264565834635e-02
3.976833038413023214e-02
4.250446815189078825e-02
4.142363341152226208e-02
3.680725801559877469e-02
3.768672755999560864e-02
3.543453514577547120e-02
4.073470745417744066e-02
4.115381943411888788e-02
4.206238145490442948e-02
3.805172754399280960e-02
4.020963177692427060e-02
3.830649154640407977e-02
4.567906249814610714e-02
4.034487475770955067e-02
4.105553403710582305e-02
3.889666737777991434e-02
3.934418561167508932e-02
3.854250484710590452e-02
4.230627224791146807e-02
4.347789157890205591e-02
5.039136045098110278e-02
4.077251021944667403e-02
4.185731487870498341e-02
3.812053271074496846e-02
3.677821636953509943e-02
4.463863807564277114e-02
3.475904567251469207e-02
3.662876714634986930e-02
3.854548728046235107e-02
3.952599555638088707e-02
3.651672527308616467e-02
3.688488644397756172e-02
3.631314370299489058e-02
4.474860163935300700e-02
3.991741893077154629e-02
3.582767232484425357e-02
3.615470341156389739e-02
4.013805914621690341e-02
3.905550249514010142e-02
3.374390873481062508e-02
3.690321177229166638e-02
3.693572244202154853e-02
4.162341290661678711e-02
4.046669106993513315e-02
3.628511448384380556e-02
3.669467892249658053e-02
3.840578371287624998e-02
3.326392273377958703e-02
3.565302433867196391e-02
3.390816437041987985e-02
3.861793319895150817e-02
3.297339509610763830e-02
3.420852979808561289e-02
3.889950971774785993e-02
3.711144952792028162e-02
3.301337450200778068e-02
4.080724289193590759e-02
3.606439788796330509e-02
4.619149576003726831e-02
3.924083515330846483e-02
3.654068462797653571e-02
3.924520180365377586e-02
3.930300324011406360e-02
4.113327814336985300e-02
3.797489294554293182e-02
3.342702209806896335e-02
3.959697505442898169e-02
4.114658733971830046e-02
3.522719051828811926e-02
3.867663095725674960e-02
3.323431340088016384e-02
3.390815662701054944e-02
4.079775177997119195e-02
3.826965169488931451e-02
4.242454385267287187e-02
3.505307108043875103e-02
3.537460217060067746e-02
3.906734556310322709e-02
3.356929296168864596e-02
3.613211811529848383e-02
4.246346091885896956e-02
4.273408577534265618e-02
3.931752552511497134e-02
3.500906118969886877e-02
3.799137447100130877e-02
3.307495843482244346e-02
3.245881282453460387e-02
4.230115440031511492e-02
3.833800610203922515e-02
4.065658753976297141e-02
3.883667503806000065e-02
3.778545498316334544e-02
4.012326279521342270e-02
3.650673981898329423e-02
3.485715786583792192e-02
3.562902984358348735e-02
3.207573403799968137e-02
3.662709937446512187e-02
3.740562539934372960e-02
4.090006629464825599e-02
3.366081881486413657e-02
3.819390233466924550e-02
4.087239434583998798e-02
3.968435360371401488e-02
3.626002988891439960e-02
3.802122146607758019e-02
3.794447004121134087e-02
4.381010457344246267e-02
3.324517492707100563e-02
3.849798300546429519e-02
4.091500747116598447e-02
4.282314245992589752e-02
4.358898218627518112e-02
3.778004095923119532e-02
3.504336427758216604e-02
3.510024132869574848e-02
3.751198790231791841e-02
3.652453984951005428e-02
4.227422695067866582e-02
4.402442515079196816e-02
4.171425668263379488e-02
3.721198600095728531e-02
3.618528549472434241e-02
3.725856636474038364e-02
3.749355590667625970e-02
3.992120000447726275e-02
3.952715101275040832e-02
3.734527736846012663e-02
3.769963271926268789e-02
3.738829619775133756e-02
3.991987172361544101e-02
3.807380269132758926e-02
4.015451377040962083e-02
4.163375426013071756e-02
3.923499905096516915e-02
3.482559881431512849e-02
3.572143830870209980e-02
3.586990361485092871e-02
3.957678804451349869e-02
3.906410725721997518e-02
4.147393348806042990e-02
3.890259744536078007e-02
3.916490443943387162e-02
3.491187756588374352e-02
3.979588207735367672e-02
3.835129102954472347e-02
3.414724696608389259e-02
3.543800395610070125e-02
3.775928000238171905e-02
4.022961367142171424e-02
3.375538921254295915e-02
3.544829793627266717e-02
3.637182399250339648e-02
3.909003440853869166e-02
4.080550157932914118e-02
3.892344137819349348e-02
3.371324226007804681e-02
3.446845356686496081e-02
3.580198272598099363e-02
3.313064159523691765e-02
3.400068752182694443e-02
3.690541214108618295e-02
3.652169651974261633e-02
4.168426399057343495e-02
3.484258435708047913e-02
4.031063494107595124e-02
3.406797779288849026e-02
3.863172044809155131e-02
3.881592345021869783e-02
3.384659190468334439e-02
4.472336901322745278e-02
3.933565686534638145e-02
3.740835396709329963e-02
3.942242647290909729e-02
3.736204560727363067e-02
3.834150374793197924e-02
2.995839715493515618e-02
3.910780506519442173e-02
3.844995824778884436e-02
3.749746633506293586e-02
3.795866340023006796e-02
3.645390865846682288e-02
3.600974710163538928e-02
3.511628675986964987e-02
3.886264109207054201e-02
3.833244274108497940e-02
3.576166376228383237e-02
3.726993796941241444e-02
3.731766523470762126e-02
3.366908948860123513e-02
3.318663252937971431e-02
3.269456475688825581e-02
3.772305769790804814e-02
3.994254693551534813e-02
3.619751325428279681e-02
4.172494825002222990e-02
3.307613699427319753e-02
3.830092675323348156e-02
3.896589263723778535e-02
3.933481480259264085e-02
2.983601525958202647e-02
3.152286747103946046e-02
3.347542806163902873e-02
3.544035397901911660e-02
3.895977987634940964e-02
3.447536181805634786e-02
3.729103931206247807e-02
3.375208597559086615e-02
3.459572218346138039e-02
3.129183079544654855e-02
3.238507209516455765e-02
3.541406364123811379e-02
3.766187215530140964e-02
4.026696308439393912e-02
3.875726886032144353e-02
3.840113516613978539e-02
4.147124724899456383e-02
4.517169141784281583e-02
3.698027434818561276e-02
4.244652803696324223e-02
3.897562445183859470e-02
3.770045833373229099e-02
4.197338398307506879e-02
3.808487337253378680e-02
4.212153009591031172e-02
3.566306124407611633e-02
3.547989058309621718e-02
3.107926365122821305e-02
2.990994550074506375e-02
3.527950329966155624e-02
3.704028155837064962e-02
3.382713660188448740e-02
3.436638869735533092e-02
3.556792465960969402e-02
4.020891379868105076e-02
4.057750516293301413e-02
4.129358965004363557e-02
3.512456560745665091e-02
4.052802486179245267e-02
4.041586620319026490e-02
4.245175607462783191e-02
4.045214491121477962e-02
3.850804507215041528e-02
3.413460754343983217e-02
4.317898649739247696e-02
4.276219010676855781e-02
4.038371749626626372e-02
3.618117455239035912e-02
3.693056008154601416e-02
3.877097303837002962e-02
3.974768159542329399e-02
4.125680097730472645e-02
4.558936741262999137e-02
4.311467946524127903e-02
5.164016443510972137e-02
4.798822219885939128e-02
5.140812003992300400e-02
4.303999392008144020e-02
4.508676042973173981e-02
4.575338299537649867e-02
3.835399940221196485e-02
4.649070024904142923e-02
3.653068932648194378e-02
3.499820894083109646e-02
4.471474924011704238e-02
4.695035785050911264e-02
4.749079858358336292e-02
3.612397845274106095e-02
3.897799766175211178e-02
3.998840102550003245e-02
4.312467219694908482e-02
3.644060982416924555e-02
3.726281389532375143e-02
3.917664091582290231e-02
3.875451113299275413e-02
3.618729164674887311e-02
3.534860590430545513e-02
4.213374378570569623e-02
4.266496288458074965e-02
3.579192307988402627e-02
