1.769349561664423642e-01
1.672125817059390007e-01
1.618012608761802973e-01
1.502493397639077244e-01
1.858367544798975035e-01
1.837634987186524127e-01
1.755716827644362710e-01
1.612367612286843277e-01
1.548242029169686618e-01
1.689746777862616289e-01
1.799637698028668242e-01
2.123999382312237727e-01
1.645371983957884532e-01
1.245151609018821381e-01
1.164752823361781264e-01
1.247013235039637485e-01
1.154845778051645233e-01
1.105359841749358335e-01
9.813900921699102164e-02
8.052365266147130940e-02
7.076662312013759504e-02
6.641354929250259387e-02
6.647845916524201815e-02
6.602674522107405963e-02
8.051950692168743928e-02
8.065284957798442289e-02
8.471373757883551847e-02
8.597984607542423496e-02
8.397224163572833411e-02
7.529818230020632330e-02
7.052992189094933750e-02
7.842518950032664748e-02
7.372182550623147812e-02
7.577779978818280360e-02
8.302096784021001374e-02
7.934791902450373524e-02
7.475411418026814414e-02
7.964719099140479819e-02
8.163438386177609973e-02
7.878239609657515519e-02
7.750398483598805455e-02
7.358295605771736358e-02
7.711740375455318486e-02
7.149148471636719571e-02
7.700706644145388635e-02
8.528320388632325277e-02
8.891262133264730971e-02
8.579460676343669823e-02
9.649725847477119700e-02
9.008992416842842577e-02
9.667558802682166275e-02
1.115074524141392992e-01
9.277992400182454025e-02
7.590225477714027114e-02
8.719709024295983768e-02
9.313746086560545367e-02
1.020455205322087500e-01
9.762728239224652271e-02
8.920561811820265641e-02
9.033320846448737729e-02
9.172741250370872179e-02
7.973086971554256552e-02
7.260361363320910755e-02
7.023181195835630219e-02
6.930821665741165871e-02
7.579681929213634428e-02
8.071159654615972512e-02
7.278362577900804320e-02
8.487258305616013354e-02
9.290687879454982701e-02
8.617481988763635303e-02
1.037453534391413468e-01
1.029557812498837072e-01
7.948198369822935538e-02
7.795825326425562252e-02
7.286286654461060497e-02
6.999338592163452388e-02
6.489389934315212272e-02
6.629124797171452588e-02
4.721843369515002498e-02
4.568745673193847640e-02
5.424369587880804172e-02
4.009180244689455885e-02
3.808427047260830312e-02
4.476880974600545154e-02
4.013145613980200616e-02
3.343044777888330016e-02
3.974478528176721842e-02
3.653199992380402189e-02
4.158069971876272863e-02
5.154638459511649146e-02
5.347971837379634358e-02
6.328860130719016208e-02
6.225358580605171166e-02
6.184384955567676784e-02
5.656977684649826948e-02
5.196917966378485770e-02
4.789132649998157493e-02
4.696382150615339285e-02
4.643947798059076121e-02
4.754586519179885423e-02
4.806864186137887324e-02
5.307475288374854244e-02
5.269292408800560490e-02
5.575666151263208165e-02
5.298330781793874483e-02
5.380223159934103411e-02
6.124388163821908870e-02
5.912363414838714415e-02
6.734632182316611926e-02
5.385261838655808903e-02
6.053721862942131049e-02
5.265473990598656950e-02
4.302795823811497028e-02
4.857590279582546522e-02
5.724627411544104538e-02
5.620062202555183711e-02
6.432867896230518023e-02
7.028694477694882869e-02
7.645273020935314245e-02
7.871742601074091517e-02
9.173790098684293792e-02
8.495627749693623887e-02
9.880793567940988897e-02
9.940767128155318655e-02
9.080313518178109722e-02
8.374013189211761132e-02
8.052793679816032391e-02
7.737914491479117030e-02
8.135767427553579345e-02
6.260752145504859534e-02
6.028134309933729645e-02
5.881717634952766949e-02
6.127378995708349096e-02
6.146090999449807524e-02
6.026876691638193007e-02
6.119773150769605707e-02
5.597667935017636154e-02
6.526224863561289058e-02
7.468597430072024257e-02
8.511704748742138227e-02
7.293478207230003063e-02
7.202155889906700081e-02
6.990990437685663805e-02
7.574611529132260768e-02
7.110670698647665600e-02
7.673325822502767568e-02
7.077870376131961683e-02
6.745178555529410258e-02
6.047577765763625934e-02
6.686358868029736169e-02
5.361087574234633252e-02
6.457540165053549108e-02
7.157799642820734942e-02
6.662464438842720382e-02
7.194252587756115591e-02
7.707114715796484217e-02
8.566226222785527922e-02
9.549756120184146879e-02
8.408650768145146948e-02
8.236465191239646100e-02
7.531486604583523259e-02
6.589732067878774358e-02
6.032386508821803439e-02
6.599711404841830664e-02
6.213049771109647318e-02
6.625702009702381934e-02
6.415289842004721910e-02
5.942527831204628963e-02
5.481053835390030382e-02
6.538730423474349573e-02
7.373407490713022872e-02
7.612171502709347282e-02
6.262526656210387621e-02
7.121210093709874622e-02
8.717737963853004757e-02
8.123843513437672970e-02
9.572647977671332187e-02
9.951524608492492985e-02
9.787766744541169517e-02
9.491567658402164098e-02
9.523011978117192078e-02
9.017267099992147539e-02
7.734089693419317346e-02
7.717814214771653858e-02
6.995850461520719543e-02
7.092266523303591974e-02
7.466614707379623517e-02
7.617474134806950792e-02
7.353871348416397835e-02
8.722449071375115714e-02
8.754272614138275399e-02
9.457227548014160434e-02
9.528092959696909947e-02
1.093038102919815929e-01
1.194807153618355350e-01
1.097610493186845781e-01
1.171501880040238530e-01
1.277056787704533014e-01
1.233726364629285366e-01
1.224678377667967333e-01
1.160436733249730901e-01
1.257116839457326496e-01
1.272299551580081400e-01
1.345938286053839639e-01
1.233307386720021021e-01
1.351179535139274412e-01
1.318428652115729016e-01
1.508151377136044136e-01
1.519822313807309977e-01
1.454845490861030044e-01
1.306581254482903354e-01
1.295753055407847520e-01
8.913057491033085644e-02
8.633139973853658222e-02
9.894238241094531483e-02
6.423402815562569146e-02
6.220476876814028111e-02
5.376914031932843868e-02
4.295099449263276720e-02
4.457468364520750237e-02
4.048682516956523397e-02
4.305201614857603193e-02
4.709772946158723855e-02
4.659889495236309992e-02
5.121763359124711229e-02
5.333432179803787587e-02
5.057853907432204033e-02
4.795652469732920864e-02
4.425300729925718546e-02
5.282469886303125389e-02
5.051958853534116445e-02
5.323043834945548336e-02
4.448940385017487870e-02
4.860652932046118785e-02
4.641265798391522313e-02
4.705427645857745284e-02
4.270187594906613149e-02
4.583567206004975081e-02
4.446057170870945652e-02
4.659666825703854404e-02
5.033486668287313892e-02
4.631227722738997382e-02
4.525660067321164021e-02
4.882485196225632568e-02
4.963206208735881225e-02
4.986671983011765202e-02
4.849399994096632166e-02
4.502631674622625119e-02
4.126034784780171355e-02
4.853298726807583202e-02
4.016578841802891792e-02
4.645623311746444051e-02
4.981474339325961398e-02
5.391446302980897054e-02
4.358748298246533509e-02
5.267642588450670293e-02
5.130289309022287997e-02
4.893465848657384265e-02
4.168955260276403785e-02
4.420078155070146508e-02
4.815125801011439083e-02
4.344821473039409132e-02
4.633752699241641682e-02
4.545121630321062589e-02
3.271745703510362674e-02
3.542127079864794414e-02
3.915737602392701383e-02
3.758655921878544665e-02
4.057700115611892477e-02
3.369479681972400997e-02
3.410514558491207354e-02
4.012284987776990053e-02
4.272192553321039338e-02
3.831330349457855861e-02
3.604384709730596575e-02
4.178927623791117707e-02
3.980417604523919101e-02
4.639880297718515512e-02
4.043563461666879744e-02
4.078051051454069376e-02
4.379560430800043952e-02
4.860822215861781287e-02
4.466216996239988357e-02
4.074515492140429185e-02
4.427044068416138844e-02
4.603412365017986452e-02
4.590569315481541485e-02
4.341800605074803282e-02
4.282638456015152445e-02
4.637400561774927127e-02
4.947649569567493660e-02
4.597809753244351538e-02
3.596549315061447344e-02
3.897430584741107262e-02
4.048503590383344813e-02
4.001024214007559837e-02
4.053547823656796639e-02
4.208670064519638015e-02
3.803403050009539210e-02
3.883065943053046892e-02
4.006545860427342121e-02
3.529285957615986569e-02
3.896908761223801670e-02
3.735864435411592049e-02
3.999430020211587611e-02
3.869429010948445546e-02
3.825649990090931180e-02
4.059037117539206208e-02
4.254511428332481693e-02
4.363830787678325135e-02
4.570704604835369028e-02
4.712498737826581463e-02
4.854180961626131108e-02
3.904210127552954629e-02
4.351566936934622015e-02
4.385509084383801964e-02
3.943666018594486206e-02
3.594719689536149398e-02
4.052923543405073659e-02
4.301708286426256939e-02
3.814248527947542572e-02
5.131254611675332977e-02
5.147726249220283684e-02
4.682789548766174564e-02
4.507536666451850832e-02
4.489430331249422840e-02
3.933059570068341004e-02
3.633930887024428708e-02
3.636108168066239099e-02
3.811180575943453469e-02
3.209908200308801002e-02
3.195438379503186960e-02
3.912844636981029078e-02
3.912531281883124129e-02
4.287791119351575669e-02
4.410579811241696624e-02
4.159823395146414887e-02
4.720487601240774128e-02
3.742205867832269772e-02
4.089040251421550282e-02
3.680480838582126518e-02
4.096147655868453280e-02
3.789267023862544909e-02
3.981790017032246776e-02
4.177370537036746018e-02
3.585202839198774888e-02
4.218650309738355281e-02
4.646396562937817054e-02
4.855469755863174586e-02
4.125545129955128509e-02
4.934190544022864361e-02
4.945201938684184312e-02
5.470881648158514715e-02
4.697401920978098305e-02
4.394033018103233462e-02
3.594532197622306996e-02
4.614614076963879929e-02
4.460334253654221759e-02
4.653660486429214010e-02
4.093737206922917760e-02
4.482225153863905048e-02
4.288580700045619559e-02
3.913317703276287390e-02
4.544653866900157796e-02
4.244351623388753492e-02
3.720118520802817574e-02
4.453667312086839747e-02
3.853528774242494931e-02
4.852234966071578004e-02
4.276851466432140397e-02
3.352258109076306641e-02
3.640487196118476210e-02
3.845235762612869701e-02
4.467846704475931380e-02
4.401542062568004898e-02
4.058527133101277190e-02
3.982405426596865444e-02
3.620594578383713041e-02
4.449190099274335369e-02
4.610493692759158602e-02
4.467618226764757255e-02
4.412134147589893279e-02
4.467339803948743027e-02
3.611828616181814167e-02
3.781522430737822155e-02
4.209027275056592687e-02
4.542828952618146315e-02
5.051278523845816742e-02
4.662157425036347891e-02
5.522591234673299848e-02
4.949134807975541506e-02
4.548832982213714404e-02
4.291905601386324792e-02
3.840659014905269120e-02
3.110652963351269104e-02
4.313780962019399257e-02
4.390870292445746975e-02
4.672165782783273269e-02
3.507799098065434579e-02
3.776543872554229131e-02
3.865896499954310506e-02
4.159507179197692583e-02
4.932706703432347684e-02
5.011124505732508783e-02
4.757983617369818119e-02
5.203078548270563541e-02
4.521143796874710352e-02
4.174040920096531992e-02
4.082526640702514864e-02
3.979701699599352827e-02
4.523927368521109271e-02
4.721681953789073904e-02
4.430297843155860116e-02
3.850817119336131383e-02
4.350736388500437563e-02
4.184964344277677939e-02
3.548551399568339315e-02
4.379899116315887769e-02
4.142757014770260399e-02
4.247763846472227961e-02
3.986737034268109797e-02
3.789605169955709285e-02
3.716487010635061844e-02
3.777189384456830501e-02
4.342109637488190260e-02
3.572877810845434543e-02
3.962523966172642326e-02
3.170537755892396253e-02
3.487674894331521669e-02
3.995448609246540078e-02
4.362531349254428897e-02
4.424718211531775830e-02
4.225837069460872814e-02
4.199501782562812396e-02
3.992083453257403575e-02
4.476748719283164119e-02
4.269160096394466336e-02
4.778350812080026794e-02
4.071125016146309727e-02
4.552839597981037795e-02
4.631342247751792790e-02
5.121794343802889976e-02
4.416968690509161244e-02
4.108068103572082297e-02
4.629082123351902639e-02
5.159351928896887401e-02
3.907963759796206221e-02
4.038036468894778269e-02
4.150242640890252493e-02
3.888527110765572364e-02
4.333251595937549772e-02
4.722883420890740952e-02
4.054132454882811154e-02
3.880498274982358692e-02
3.917180763287959194e-02
3.469153835637867056e-02
3.848227222651873919e-02
4.332044418767620059e-02
4.147349525409341209e-02
4.035863802866969385e-02
4.032825953441342842e-02
4.509025505085499652e-02
4.863041670950269540e-02
5.008937179477511437e-02
5.768515181247793611e-02
5.676666777199196323e-02
5.405490969989661804e-02
4.725636978394322230e-02
5.361186999100327893e-02
5.808457262029342871e-02
5.860123600870094374e-02
5.531825815483980974e-02
5.554687598994632880e-02
6.376686626113713119e-02
7.165738644459816731e-02
6.136925691481837086e-02
5.433160984091715828e-02
5.154558777976166878e-02
4.956838907264377037e-02
5.237747756915367425e-02
3.924185176691268040e-02
4.425357894685275073e-02
4.229163697338512301e-02
3.849394032955469336e-02
4.163622950561433195e-02
5.108152335226518598e-02
4.105863142853415082e-02
4.452697494859911287e-02
4.096449197490171362e-02
4.074927183255830365e-02
4.134299843534698649e-02
3.980989525368157367e-02
4.440035240610697848e-02
3.756569024137165064e-02
4.363246043267370033e-02
4.736659627614799722e-02
3.691956277245599105e-02
4.349504112184581633e-02
3.365214981789432097e-02
