2.588998648744896824e-01
2.336291782970062458e-01
2.039001072132653747e-01
2.414362013808828422e-01
1.952860757628781530e-01
2.720583950974357346e-01
2.190692827281665866e-01
1.640457870393641493e-01
1.407169998783490139e-01
1.765851661988270260e-01
1.959570144557823135e-01
1.958366130694569052e-01
1.811304941876578367e-01
1.357731898210015054e-01
1.365095692200338218e-01
1.817836254073972591e-01
1.446199159853394367e-01
1.843511723356584808e-01
1.458135104932018200e-01
1.630196097985931181e-01
1.679613144394319080e-01
1.862327744456153955e-01
1.461094579175987451e-01
1.398995091062663898e-01
1.606656949211029972e-01
1.644066440446584343e-01
1.658908881906973054e-01
1.640328069615807072e-01
1.406903465819289711e-01
1.394848455873745063e-01
1.376466717313195309e-01
1.407310160269641952e-01
1.462100237557253934e-01
1.317458692199091064e-01
1.495806247385146892e-01
1.175049376512198873e-01
1.284726540148593277e-01
1.164548042589599319e-01
7.356118049420172500e-02
8.057530161787684886e-02
9.622471212429413445e-02
1.084746675612954792e-01
9.454440858233799372e-02
9.546895062865459747e-02
1.064216726123980161e-01
1.147786541861347542e-01
1.043334765481819942e-01
1.044838625158079209e-01
1.054954001524007895e-01
7.850848780331400045e-02
9.295949201234364467e-02
1.213483058265196896e-01
9.630658404145475693e-02
1.018835951120167088e-01
1.151242575457245843e-01
1.209211484349801830e-01
1.007595665295257237e-01
1.126353906091781543e-01
8.782434087580090476e-02
1.162155560374060342e-01
1.131066366377043719e-01
1.262981673439138863e-01
1.025745091341803555e-01
1.240235622120594711e-01
1.125401635388881549e-01
9.405960825125024571e-02
1.414163105561089817e-01
1.381061918858187687e-01
1.153091711474428377e-01
1.127314677102092544e-01
1.368583320053617935e-01
1.239772676773227000e-01
1.448314776933801173e-01
1.445604725648733935e-01
1.428693201037981308e-01
1.483133803846160281e-01
1.612728702115231172e-01
1.524794355780119126e-01
1.532143109295659444e-01
1.386829412258773209e-01
1.509948473444398531e-01
1.564557882418219914e-01
1.543729475730158951e-01
1.536844233421692241e-01
1.904418661022428683e-01
1.445096947871973292e-01
1.516335521449086732e-01
1.551233461091270083e-01
1.554052594927670117e-01
1.415671589838846112e-01
1.503072960935562252e-01
1.695320689093384459e-01
1.806357113543063386e-01
1.645179498312522026e-01
1.649508180648535383e-01
1.697973780695479218e-01
1.546171948894889403e-01
1.936664843776039480e-01
1.241989636640849770e-01
1.636035479421404926e-01
1.428420488954139367e-01
1.581525390741591874e-01
1.586771678480820569e-01
1.322867355046408733e-01
1.526936403225848116e-01
1.364770508020032858e-01
1.563509229738099804e-01
1.460946355313583744e-01
1.475909470232493748e-01
1.442643270519850252e-01
1.254235492372146044e-01
1.403341228810789099e-01
1.399899080579053157e-01
1.203977637644032123e-01
1.486888921900310911e-01
1.540335555991861616e-01
1.325828166519437967e-01
1.166211580203359438e-01
1.487599973268179943e-01
1.355741159643295835e-01
1.602895956338115935e-01
1.257316738855546456e-01
1.418525966716126796e-01
1.400800195843492357e-01
1.340829180987772040e-01
1.322507261056094230e-01
1.152681312644754652e-01
8.420386305907226476e-02
1.119652797489478352e-01
1.209945147487771627e-01
1.288284964028325874e-01
1.351519259754863644e-01
1.196149219297716199e-01
1.320247224164674826e-01
1.144592865184009267e-01
1.164603888846294649e-01
1.235317652983036057e-01
1.035975328403200696e-01
1.013459486174830143e-01
9.313865608236135407e-02
1.171197688056814512e-01
1.051391361188850487e-01
1.085742004948995754e-01
1.081367547778350618e-01
9.669941964797694467e-02
1.230617201771603830e-01
8.531190417825131045e-02
1.154262784861111724e-01
9.604245896897822821e-02
1.188176452203341116e-01
1.095943443491201319e-01
1.261059942445924287e-01
1.391284049754669405e-01
1.243370486394152624e-01
1.293097499521594085e-01
1.084642022265263211e-01
1.198409031921667950e-01
1.167197327127842826e-01
1.068170588812885208e-01
1.024510479677437219e-01
9.563170095937854887e-02
1.139601261097974577e-01
8.763968814004045871e-02
1.084593527875397784e-01
1.081369187408838251e-01
1.177269813447083258e-01
1.091276575730220216e-01
1.071861821973198597e-01
7.905219285240301652e-02
1.127541538551310313e-01
1.305160680045523158e-01
1.086046895836405013e-01
1.033256373379128484e-01
1.316608370628498947e-01
1.384458187775197691e-01
1.622594820784956093e-01
1.489676523347402415e-01
1.234143699936069011e-01
1.020039730180107990e-01
1.302934255306395506e-01
1.147541112307502165e-01
9.859828178738806737e-02
1.070620993564963402e-01
1.314183999644512879e-01
1.285278583478030590e-01
1.244920685478747707e-01
1.215845827041169835e-01
1.290861446457418626e-01
1.337674828779331082e-01
1.285710815121222095e-01
1.213025744374728876e-01
1.270055205139141719e-01
9.871888673452253182e-02
1.396569243143044592e-01
1.287686222102254197e-01
1.397928570020328665e-01
1.255541809814151311e-01
1.274019064630556586e-01
1.163190076290405717e-01
9.500295179992830630e-02
9.915751585038447280e-02
9.129965416423255209e-02
9.954306235107915346e-02
1.243327046017413118e-01
1.320071778884221447e-01
1.015779256412164544e-01
1.263631971650301111e-01
1.423349284275906290e-01
1.544305452419511004e-01
1.298347758301847676e-01
1.167666750094121381e-01
1.656456735130307500e-01
1.623029240991345767e-01
1.503010264358587422e-01
1.372290186123461264e-01
1.604302854668994138e-01
1.310628291641925680e-01
1.177218532826699721e-01
1.041295732145815084e-01
1.222861227390378280e-01
1.390664071990552475e-01
1.297774417518589574e-01
1.232787552657863273e-01
1.718871435085417843e-01
1.185564275928189110e-01
1.489463337277160959e-01
1.400497616883608354e-01
1.148569237119432818e-01
1.658497032708378949e-01
1.186653613837436588e-01
1.455410140316132084e-01
1.233015757909277782e-01
1.359360606019011930e-01
1.251037903347217428e-01
1.484788645076102476e-01
1.575310121740477742e-01
1.252445905730156794e-01
1.247506531050698864e-01
1.321708694097551984e-01
1.289990622534178955e-01
1.552132980530232242e-01
1.075810941428741035e-01
1.485841052987989241e-01
1.418213224369008763e-01
1.408448270903309429e-01
1.398730857074796941e-01
1.331175356861295511e-01
1.255449683189817367e-01
1.475982930033010176e-01
1.300036393566709747e-01
1.512782151003204123e-01
1.255625115909123901e-01
1.243507228785190460e-01
1.417186087316186505e-01
1.449135883780413303e-01
1.202004873567975168e-01
1.065989572585185619e-01
1.278878238164651293e-01
1.461440074696532809e-01
1.516210241007276416e-01
1.426505345492278531e-01
1.279810741867722090e-01
1.613473192680467683e-01
1.361296403981493153e-01
1.376488163302045098e-01
1.397776682210677135e-01
1.552058256961568738e-01
1.438677099103444490e-01
1.372838525856124869e-01
1.252118722131249362e-01
1.493937348242899421e-01
1.241817394467803481e-01
1.453769926113086530e-01
1.397948006893608153e-01
1.308632148160096542e-01
1.259647163928297453e-01
1.295143837795246222e-01
9.958231431771522035e-02
1.651983004050361914e-01
1.361989040340234325e-01
1.256753930248385998e-01
1.107555081748388265e-01
1.329967849278224645e-01
1.514689008607035259e-01
1.558746031300588530e-01
1.315262653334146603e-01
1.758368848658232453e-01
1.704228913877798846e-01
1.501037875219866369e-01
1.497623057070946173e-01
1.321316124478470189e-01
1.439097828946234725e-01
1.428049364639250585e-01
1.396224381664562253e-01
1.274746172714737169e-01
1.263539287383290965e-01
1.081882963981071893e-01
1.551599345542922781e-01
1.324403429455836556e-01
1.127879959585338099e-01
1.377805412936858875e-01
1.309167916785128061e-01
1.472758089095791978e-01
1.337205236758216009e-01
1.383597206917647204e-01
1.364858064353396683e-01
1.200849804961080791e-01
1.554737410645577467e-01
1.727579485599302078e-01
1.656621390472071687e-01
1.493906897165950820e-01
1.405859025977035104e-01
1.174704235251550904e-01
1.610616758244551028e-01
1.295649431613020430e-01
1.041517007990876292e-01
1.281699070625062775e-01
1.217450070838793363e-01
1.198397425529696553e-01
1.431147307487805886e-01
1.226811904119589347e-01
1.450091815635711212e-01
1.793553899785526040e-01
1.538828904841109124e-01
1.522142176177128936e-01
1.313922934628165562e-01
1.466059107167489439e-01
1.687843989604340122e-01
1.234338600751114512e-01
1.569808795852808414e-01
1.460603115700299381e-01
1.271137624991497128e-01
1.289920919397932464e-01
1.578375158786421428e-01
1.202358854301875529e-01
1.436503616201582068e-01
1.523396086642117842e-01
1.185263212527282728e-01
1.316392366686339188e-01
1.516400702091472708e-01
1.419055751125419818e-01
1.541272313181067388e-01
1.166164173461323728e-01
1.144590434274851271e-01
1.511130361080318396e-01
1.624745008152195802e-01
1.430403722900088492e-01
1.381880623291640298e-01
1.439595397458917070e-01
1.657511309552825440e-01
1.785074820851199340e-01
1.626946822612320154e-01
1.546737331836703921e-01
1.434476160290308611e-01
1.431997950595392533e-01
1.212790845157292463e-01
1.371154989436492444e-01
1.175325600993371300e-01
1.190600100255345406e-01
1.372505074952113102e-01
1.580816254316918523e-01
1.549707303305175587e-01
1.351715734363757859e-01
1.372232858205029438e-01
1.413087753240355460e-01
1.387250699942446652e-01
1.439589456467213480e-01
1.361842864094230110e-01
1.211583273783983089e-01
1.648511597785065341e-01
1.187021493506972697e-01
1.473166610288357270e-01
1.407356707846848520e-01
1.534452521958039051e-01
1.307832680474889098e-01
1.558027324533079183e-01
1.235313703881928127e-01
1.170937249421038079e-01
1.500358169321449886e-01
1.312587527965910217e-01
1.337133009769564118e-01
1.479244489389097972e-01
1.133891187252523830e-01
1.304591936871994651e-01
1.432366978629021348e-01
1.587115309985329681e-01
1.328936686288554603e-01
1.479455090118149130e-01
1.367054720322009864e-01
1.122597859649862584e-01
1.730196324884084591e-01
1.166737521100448954e-01
1.231724345882947852e-01
1.518163154007274029e-01
1.570940982398844887e-01
1.468422840247329275e-01
1.126110699261096415e-01
1.287386528915792361e-01
1.251668859070692863e-01
1.428188034566315601e-01
1.338811086031554409e-01
1.353883910234850718e-01
1.158351439036157532e-01
1.219164266053123780e-01
1.265836053825292740e-01
1.304513367578082061e-01
1.323916985734839569e-01
1.353993608156171535e-01
1.177269463799841404e-01
1.374980686085103265e-01
1.315505709783190702e-01
1.254204806544102491e-01
1.445367406399742649e-01
1.399678927954367269e-01
1.409224300002532015e-01
1.497317298581820055e-01
1.210355578489798190e-01
1.263118896208704767e-01
1.118912854152342429e-01
1.261979832328172235e-01
1.032047641226831042e-01
1.308466776213259297e-01
1.255371009788980308e-01
1.454562799003148443e-01
1.299047975359044205e-01
1.243000478978570494e-01
1.120874275689644345e-01
1.306278301250411444e-01
1.306809417281753483e-01
1.263090387776667767e-01
1.234275040730059975e-01
1.369810512803066871e-01
1.716341306836818570e-01
1.447083684702073214e-01
1.305398505008782128e-01
1.324350482473145019e-01
1.366859439813521149e-01
1.506205805782466489e-01
1.411865829955777640e-01
1.479481493168555706e-01
1.375294411571324205e-01
1.359186546043257560e-01
1.380216792308991136e-01
1.247193428917110075e-01
2.484815681002486287e-01
1.347362853295201446e-01
1.401588240434478716e-01
1.349849722565489574e-01
1.275488411803803734e-01
1.242239903649907662e-01
1.316873897353519896e-01
1.225056750385459664e-01
1.321765985043102665e-01
1.254726891348966755e-01
1.549573534692431920e-01
1.440705913725056908e-01
1.474423463392613987e-01
1.358862177360173340e-01
1.570984459814014633e-01
1.433904877472729211e-01
1.521366677610394569e-01
1.099229074716017579e-01
1.261821265519505741e-01
1.374382634746852960e-01
1.625001857566018282e-01
1.345735634000189973e-01
1.458534589905459977e-01
1.454365625787482907e-01
1.481372029428702497e-01
1.296153130402946663e-01
1.593553326557365646e-01
1.244274774747370776e-01
1.471740626635651694e-01
1.156468248885927086e-01
1.463955805712660596e-01
1.265059559500605335e-01
1.626972364905111545e-01
1.352211080897956219e-01
1.301127617840618644e-01
1.612692092456026738e-01
1.467429192737080001e-01
1.306689462258287804e-01
9.814302417285955538e-02
1.207022043062811190e-01
1.285852563873045862e-01
1.505708108045680504e-01
1.467145666009481708e-01
1.421337326410879454e-01
1.412515878315828699e-01
1.582887205237227812e-01
1.206156890312694435e-01
1.392196295133824313e-01
1.341315619067829090e-01
1.404746520277196098e-01
1.157280719422943277e-01
1.172745722076604658e-01
1.613688160581022157e-01
1.649405639883930463e-01
1.486363095852968053e-01
1.178356155594493943e-01
