1.355571961055952734e-01
1.334471055907325288e-01
1.316240012639504631e-01
1.185872157862343512e-01
1.209022310319456950e-01
1.186840839846578094e-01
1.100326925110583220e-01
1.077226297927056792e-01
8.889071116387069205e-02
9.954673317394119314e-02
1.039334874471325443e-01
1.175112107260587457e-01
1.021121375297650846e-01
8.073194286733383074e-02
7.222408613968685220e-02
7.548987582410761343e-02
7.454283528165486783e-02
7.158273493132098764e-02
6.638104887096810125e-02
6.255619606348081230e-02
6.446916274277325609e-02
6.384506795397409951e-02
6.428956661372359216e-02
7.000827649888913262e-02
7.319438880256527724e-02
7.721407415126134433e-02
7.574579190215208202e-02
7.071172173190505561e-02
7.354763526888631608e-02
6.878266392010021213e-02
6.290108533554211734e-02
6.555946394714239067e-02
6.288669716729830550e-02
6.575608376658903520e-02
7.066178270327994060e-02
6.981659197839905351e-02
7.049200722506579475e-02
7.321233578446030565e-02
7.372655682389138432e-02
7.698129694461960937e-02
8.024771685490639239e-02
7.913517640780051710e-02
8.534576375314606445e-02
7.436671337680998695e-02
7.756632046745956521e-02
8.031620499346281417e-02
8.254829618809894631e-02
8.141805882985797549e-02
8.345404784789764441e-02
7.657121337151032159e-02
7.616170945450428942e-02
8.248248906851012030e-02
7.784372601128423941e-02
7.168992235724203077e-02
7.494317756190967128e-02
7.901821016670884656e-02
7.904959853328884234e-02
7.536552820361760996e-02
7.526730742189735590e-02
7.619740048119763576e-02
7.790332965901367035e-02
7.300937578286122165e-02
6.448781980515097545e-02
6.825650392192386673e-02
6.986611381323880321e-02
7.355839582451158265e-02
7.241984513345654795e-02
6.684234913997902372e-02
7.120989529948956731e-02
7.200518074784439948e-02
7.257838139151621959e-02
7.881984292460422759e-02
7.852058826062130459e-02
6.970181223144480964e-02
7.283617099664045635e-02
6.605769037699710244e-02
6.070197661691555113e-02
5.225997947414113415e-02
5.384972992655667756e-02
4.772980967217608367e-02
4.850243146189687354e-02
4.915075077831160960e-02
4.791709809499572481e-02
4.512781082970272056e-02
4.288767818488087996e-02
3.901610139468235372e-02
3.704680405138849331e-02
4.378268418666050876e-02
4.266322168780421753e-02
4.490772880383177290e-02
4.863454213172482832e-02
5.067961577910325144e-02
5.477502502201150175e-02
5.304003808460448083e-02
5.481893045361026229e-02
5.306237252163024248e-02
5.208168213536733260e-02
5.233619578478511392e-02
4.865959111089339373e-02
5.353372138833385752e-02
5.261908869054936211e-02
5.270504747462591288e-02
5.980975113701703094e-02
6.038514888387655488e-02
6.074391166498987332e-02
5.915692626796215797e-02
5.639124206330640987e-02
5.540343735295208405e-02
5.156700836457324411e-02
5.004336414756404422e-02
4.624370186648547876e-02
5.063847785309064098e-02
5.119499492299961485e-02
4.645792429751803565e-02
4.933751079481329960e-02
5.196118466195331909e-02
5.271530558250334120e-02
5.874717052780895066e-02
6.390635818621352715e-02
6.861559328712253658e-02
7.519740508713976257e-02
8.099438984603198055e-02
7.969595671579965401e-02
8.582346291674305960e-02
8.341210061814514909e-02
8.749571118947449544e-02
8.761161536037062603e-02
8.902587825691146706e-02
8.907320160917187035e-02
8.580786525284500588e-02
8.353601445379532642e-02
8.152277836605717476e-02
7.337202831834829797e-02
7.243699210311961567e-02
7.308467174400513910e-02
7.045535020790165415e-02
6.618678565344729425e-02
6.040970630470188923e-02
6.594360396324785989e-02
6.838240135504175532e-02
7.166793394115372751e-02
7.532044931320923398e-02
7.000101481933651559e-02
7.396001704560350998e-02
7.499148355321569315e-02
7.780918802667684264e-02
7.837921732490168991e-02
6.971964852876841312e-02
6.650336786109989351e-02
6.721720096824154722e-02
6.766084572989117252e-02
6.381164018551670203e-02
6.666267906332869198e-02
7.063928320711494735e-02
7.124783774218204635e-02
7.178828269847595256e-02
7.306946827884813755e-02
7.587017562608025512e-02
8.033107286400600899e-02
7.578746541627952304e-02
7.175689706011272040e-02
6.574422091237713817e-02
6.000171990835105607e-02
6.020604209912079618e-02
6.695091734805122541e-02
6.804713227362178818e-02
7.389565763040380209e-02
7.106792068884111579e-02
6.249234887627021229e-02
6.006984744204285631e-02
6.465396751177104884e-02
7.070210328320529480e-02
7.633798440511746497e-02
7.470343963756657935e-02
7.550798472274551643e-02
8.032578126401576646e-02
7.965035017401674022e-02
8.214489061708556139e-02
7.994079697135215989e-02
7.730272156075862489e-02
7.642202684321375283e-02
7.285503194097564528e-02
7.195921363907095691e-02
7.178533109084721253e-02
7.121932879049086562e-02
7.003228548214668336e-02
7.065032426343066663e-02
7.291600200014530797e-02
7.629455758752254346e-02
7.494769109318996647e-02
7.771664641375670979e-02
7.582337076682223176e-02
7.520363485786904501e-02
7.549322634851385327e-02
7.681047040786148639e-02
7.904530302222836924e-02
7.546672245092492237e-02
7.761885182097837121e-02
8.247434171097066391e-02
7.693094261776295406e-02
7.900944106888177498e-02
7.906384423813063445e-02
8.235406027778167937e-02
8.518108583433209313e-02
8.393911144272964142e-02
8.240158688614360183e-02
8.689346009881650235e-02
8.783922608714793412e-02
9.816622021697961331e-02
1.020560656044970371e-01
1.003378620772932134e-01
9.025784835256729643e-02
8.726078133646462953e-02
7.463969706286180394e-02
6.848089005302249177e-02
7.313496017078409406e-02
6.176499788663548929e-02
6.261310924255782118e-02
6.364950142553751911e-02
5.659523308299036631e-02
5.605215890884018837e-02
5.690138403867896905e-02
5.619281722098002502e-02
6.090471178670976010e-02
6.108757622832047818e-02
5.751923030862018948e-02
5.898599736320946085e-02
5.475740716694219024e-02
4.806871266108436735e-02
4.098626335162761786e-02
4.634831227608435245e-02
4.620407289534154277e-02
4.862243832636489738e-02
4.351425528569580203e-02
4.567339378821967666e-02
4.486185276098803715e-02
5.018174810512246453e-02
4.796188797743104748e-02
5.261184769013031726e-02
5.062803588281437894e-02
5.392907677797074972e-02
5.418810263128093219e-02
4.826420323157534081e-02
4.754741305287388253e-02
5.106765190856365350e-02
5.006897190009261533e-02
4.448225444781622046e-02
4.481058508317309341e-02
4.377670226601695913e-02
4.509957034390416758e-02
4.676522836661490407e-02
4.313620864538823124e-02
4.371326293541808600e-02
5.223759724726732834e-02
5.208015193838978762e-02
4.209407330354875132e-02
4.543791974132173339e-02
4.432325594610093955e-02
4.323969898919197835e-02
4.476423396598739474e-02
4.199388038742392359e-02
4.291303799744075609e-02
4.511121085211195619e-02
4.614801167287678474e-02
4.323534861816850233e-02
3.718436174165885844e-02
3.797179818242937821e-02
3.858691192932538205e-02
3.666965532036726982e-02
3.786094551952989828e-02
3.772191152977273643e-02
3.561177768629021634e-02
3.957709218704349996e-02
4.072483248000655087e-02
3.817040460361545429e-02
3.646845623512144641e-02
4.270927763031393681e-02
3.747791445165982172e-02
4.345413780674098336e-02
4.076441056540876934e-02
4.236211388916651110e-02
4.505569837444294012e-02
4.654090181027327466e-02
4.658658075899096973e-02
4.205494275941569493e-02
3.934761167035163987e-02
4.229654485897016425e-02
4.304612691016833359e-02
4.194224044585620481e-02
4.499780161818375812e-02
4.198938969496680829e-02
4.137340750899869135e-02
4.444741209450556868e-02
3.735342938401995522e-02
4.121103448455579188e-02
3.867970549259721474e-02
3.971785737611551598e-02
3.815475699768224732e-02
3.826710438831014416e-02
3.647358163136825426e-02
4.048637182227712156e-02
4.077247449065667800e-02
3.738558325782759262e-02
3.802332075703255404e-02
3.977859093591347428e-02
4.207061448551653593e-02
4.267394106949871924e-02
4.476955109146787959e-02
4.107900473633302463e-02
4.035462269510459166e-02
4.212740468516579934e-02
4.223159817046397840e-02
4.184271830545645277e-02
4.356920707485670285e-02
3.805637717184627566e-02
3.746089996514318649e-02
3.696321019246628231e-02
3.925084394418986572e-02
3.748002976237575778e-02
3.726474609755728307e-02
4.005501999505018534e-02
4.126018841668711856e-02
4.827185623118669666e-02
4.674534333180958845e-02
4.582794987454170271e-02
4.447692086909525722e-02
4.167945856513244340e-02
4.167728041629413516e-02
3.820642612410563022e-02
3.950249103010879809e-02
4.126654616699207412e-02
4.006853812012572957e-02
3.953682989966287448e-02
3.910138046315266708e-02
3.699376022100802491e-02
3.956282978637565284e-02
4.284569325000712331e-02
3.937947282994055248e-02
4.494391518570418909e-02
4.492428625921292273e-02
4.395117638220251421e-02
3.929349690911555781e-02
3.697429342954428738e-02
3.735941238687862098e-02
4.188618268307672809e-02
4.240089960410790837e-02
3.867293553748030882e-02
4.030563595306090041e-02
4.105220433730451257e-02
4.258622920860837685e-02
4.083696379453369968e-02
4.709711838827866648e-02
4.519058915483951944e-02
4.512898043428239386e-02
4.253577171035525378e-02
4.165916194556672225e-02
3.885987439843307384e-02
4.276636240627760405e-02
4.392509305891562771e-02
4.265850374190958277e-02
4.555098388854546265e-02
4.176861691582518799e-02
3.855145637290013222e-02
3.619454825488364197e-02
3.860266853404577952e-02
4.067934891430248501e-02
3.899900002494838258e-02
3.976294563510187480e-02
4.050553113320459753e-02
4.633826137846909499e-02
4.109771740052717975e-02
3.721529796624362119e-02
3.769295229503815542e-02
3.821082191532745170e-02
4.323935516331640916e-02
4.111324982513470810e-02
3.719361772816850986e-02
3.729278465345235716e-02
3.890776282505251787e-02
4.014276592571464769e-02
3.904673465914347552e-02
3.986980897928870532e-02
4.275861371568828034e-02
4.463804308006640714e-02
4.043764231919574903e-02
4.376554007113920425e-02
4.116765726244610291e-02
4.342541740313250048e-02
4.676403404904774797e-02
4.555655949598935717e-02
4.858424291854240851e-02
4.492907661997375818e-02
4.203214225751316507e-02
4.099091952323190291e-02
3.779112067108044565e-02
3.955040394261853665e-02
4.122615711734005373e-02
4.115336232400543248e-02
4.163820197729033168e-02
3.701065980293545554e-02
3.974943533403667989e-02
4.095739973903400610e-02
4.102432178817565223e-02
4.093064129168730997e-02
4.158989737961689415e-02
4.100823095710860039e-02
4.200692581882661120e-02
4.232622723717140850e-02
4.221266184691577911e-02
4.040043660741861331e-02
3.999351738847869986e-02
3.909913322860994467e-02
4.135654641058811309e-02
4.194559698622885718e-02
3.821289650927061493e-02
4.221377483762106531e-02
3.968401759735645101e-02
3.880494479750663805e-02
4.288668918271586888e-02
4.228652276394135462e-02
3.717648478529324285e-02
3.552198946120459222e-02
3.729356301841458415e-02
3.929952720662205357e-02
4.040425698683453026e-02
4.215642838429309314e-02
3.886801907075007612e-02
4.070507370089264387e-02
3.542337414255664757e-02
3.829375179412355945e-02
4.194091727042813245e-02
4.011666390287717265e-02
4.182469312271744344e-02
4.101315216641696071e-02
4.182458113445761821e-02
3.920870157293081248e-02
4.248079121523323787e-02
4.444906589567633459e-02
4.228883277626267062e-02
4.146885513832405945e-02
4.391980363082754329e-02
4.437365240981556297e-02
4.657862358068094732e-02
4.267063762559538537e-02
4.372656826784392103e-02
4.127364238217798992e-02
4.172972846500197508e-02
3.690379154916384463e-02
3.840289077654254757e-02
3.944348525550182838e-02
3.831619214161854914e-02
4.030512423061921590e-02
4.118123212932962157e-02
4.170546226123486577e-02
3.969762518236916865e-02
3.950944309215319306e-02
3.843858096382255646e-02
3.993123453591269217e-02
4.159403560267248279e-02
4.277553218076764890e-02
4.299158671704850221e-02
4.266605565702750319e-02
4.764357368753102673e-02
4.550579581312164806e-02
5.024925065850879141e-02
5.348696461728416618e-02
5.289570604066236303e-02
5.090000126083318172e-02
4.625224617922674142e-02
5.108401206233770253e-02
5.206472786730370617e-02
5.642901227203229314e-02
6.083783009892348992e-02
6.380228231964116259e-02
6.876287566735887757e-02
6.900454200475286681e-02
6.566513091000039659e-02
5.731411598663802009e-02
5.711646529802813510e-02
5.297607476075098104e-02
4.505254195755997726e-02
4.266346081563762715e-02
4.259865989489372562e-02
4.316475540024277552e-02
4.600401959666207408e-02
5.025603847177824435e-02
5.273480140390963272e-02
4.046702681082249564e-02
4.035231081440292245e-02
4.147497580939030204e-02
4.186929542300057983e-02
4.127308965574274374e-02
3.840327920795991168e-02
4.207709262331961464e-02
3.927866879755285978e-02
4.071423347306446505e-02
4.198644376422563246e-02
4.194295395505945323e-02
4.232056590604249546e-02
3.662508634445107297e-02
