4.512458671706031099e-01
3.581764599733894272e-01
3.002008476566019324e-01
3.932533118160562169e-01
2.937482651518836252e-01
5.265276992541458867e-01
3.497179764329129692e-01
1.934571658068028610e-01
2.235968968323893413e-01
2.990436995301640200e-01
2.973429681987749262e-01
3.045464486598921106e-01
2.978490326167778091e-01
2.276782204127296705e-01
2.034597292669666491e-01
2.540668127722168212e-01
2.570419913440783466e-01
3.072489401176538570e-01
2.160915139579050182e-01
2.686826558451389513e-01
2.229377975198703066e-01
2.284553506512674026e-01
1.670546580031278538e-01
1.918663908010849739e-01
2.202248311341079290e-01
2.040008512585474998e-01
2.591387047557960899e-01
2.174300525224885927e-01
2.418797629572497221e-01
1.702324993777933615e-01
1.739727536623864868e-01
1.849180773506267639e-01
1.777169058051224770e-01
1.830711756022182224e-01
2.053662623441376567e-01
1.802128721593537486e-01
1.789270191049002479e-01
1.557612012093851916e-01
1.217492562627365410e-01
1.138932536597634382e-01
1.087094507959420753e-01
1.366433786202548850e-01
1.436991784006792783e-01
1.341613036669905834e-01
1.560554580786031320e-01
1.496848924580186924e-01
1.308372513662812153e-01
1.715557657681538173e-01
1.961790617907465395e-01
1.160673886856602166e-01
1.172974641931621709e-01
2.121937041745128594e-01
1.197412998180961419e-01
1.251811452729540697e-01
1.727908311722130552e-01
1.884567425755487857e-01
1.243677336601076433e-01
1.800278004167205348e-01
1.094433210724056194e-01
1.623079129437418888e-01
1.557201428164239343e-01
1.641911067394568047e-01
1.604091710018721029e-01
1.738172501932385705e-01
1.494935727877912679e-01
1.269870514654158622e-01
1.752393706131316342e-01
1.906022604383973140e-01
1.369671193265561693e-01
1.609250508135420255e-01
2.061852289116712644e-01
1.745943439429555877e-01
2.119503748733259085e-01
1.933473005786768006e-01
1.574758251652985108e-01
1.851878026463442406e-01
2.458849221468719648e-01
1.788827214130060406e-01
1.761263023860073773e-01
2.105751034578716152e-01
1.913435642491559119e-01
1.865317718650825740e-01
2.083633764041573355e-01
2.096868276139766119e-01
2.390009058619251003e-01
2.052805982787722916e-01
3.972588830724803621e-01
1.789184733047346210e-01
2.346788291275571092e-01
1.775602517961845372e-01
2.094679359840329880e-01
2.270992613860909060e-01
2.076385465110399953e-01
2.423075812124293460e-01
2.194266256080998068e-01
2.214836998386756350e-01
1.799424091505731627e-01
2.470776934012293147e-01
1.642692423980354199e-01
1.949150977560583087e-01
2.383847035082717614e-01
1.752184581086961568e-01
2.124169562245641074e-01
1.681483589624918895e-01
1.864929240278774270e-01
1.706319208393867193e-01
1.872782881789388232e-01
2.185732014138424273e-01
1.862333464696268870e-01
2.161698491843999648e-01
1.490321915890707449e-01
1.802033524116872787e-01
1.997448756652668855e-01
1.487380897271226021e-01
2.041162133945575441e-01
2.014959863068856161e-01
1.804339515384000558e-01
1.656075493625394635e-01
2.069362542788426018e-01
1.750456472974788180e-01
2.129109001944981816e-01
1.826022474846766830e-01
2.330882069156035574e-01
1.749777425837207023e-01
1.887117264780000525e-01
1.658762127540786002e-01
1.428172887780096711e-01
1.299951625672802202e-01
1.489503214769938577e-01
1.356735442446021234e-01
1.533235733038081361e-01
1.975517679662406600e-01
1.410529385703464256e-01
1.804264430739709879e-01
1.541975645460502975e-01
1.616883769607715682e-01
1.639698737665652162e-01
1.321009148381818710e-01
1.311509171779932093e-01
1.116983729150360233e-01
1.716505898096105376e-01
1.129437424708901322e-01
1.495362066409627877e-01
1.379890738163857544e-01
1.297706084778923186e-01
1.643562326959455422e-01
1.341317880890842140e-01
1.569794606745760213e-01
1.265906688851868578e-01
1.524006594914885659e-01
1.461207456492261136e-01
1.846124754407656443e-01
1.603139603590620077e-01
1.526127581865326377e-01
1.873463879325040493e-01
1.339223873699494083e-01
1.615501993492755861e-01
1.571543416901668988e-01
1.409999232629468580e-01
1.383396292787079096e-01
1.383829719976139294e-01
1.494965257262735603e-01
1.291837953601122913e-01
1.557931635100600343e-01
1.528329691351278941e-01
1.762028420100115733e-01
1.287890505006986652e-01
1.447610310847825821e-01
9.577483399949246468e-02
1.507080332512919785e-01
1.793313925456360147e-01
1.483951123678502182e-01
1.336939273997297395e-01
1.655589101234443417e-01
1.603663559391854398e-01
2.331952296796897528e-01
1.652918670567177784e-01
1.878590295265760435e-01
1.358699151553369178e-01
1.713776023011494287e-01
1.841910977401628735e-01
1.245230184181066735e-01
1.677585013710269357e-01
1.626330411328659464e-01
1.699997729430398896e-01
1.645192397637972037e-01
1.482614415619661896e-01
1.615536095136783368e-01
1.674438592567389361e-01
1.751848812115963661e-01
1.577966954227648100e-01
1.670081167146759971e-01
1.545752419633496522e-01
1.978253640882633169e-01
1.654242109687445450e-01
1.997081573780294383e-01
1.631914666549644788e-01
1.939299009661749618e-01
1.950914128851815033e-01
1.385627196727206578e-01
1.283156258416532636e-01
1.146153895892119690e-01
1.413845319805234479e-01
1.488966907962215591e-01
2.361984368330057316e-01
1.243739439721939094e-01
1.867978295769261721e-01
2.277607430152518986e-01
2.532187766202484980e-01
1.757009124324911964e-01
1.745687033419630330e-01
2.651942194207739800e-01
3.405319658593713994e-01
2.047173759284293959e-01
2.022482784835768210e-01
2.211057579224334491e-01
1.701558169940156073e-01
1.661158805320173404e-01
1.477397583865551478e-01
1.780081189755522708e-01
1.672669199872335033e-01
1.734776483898146093e-01
1.740540073402797039e-01
2.128185529323113334e-01
1.627358094725586679e-01
1.957368945983326836e-01
1.885454159933223073e-01
1.452717294848105967e-01
2.200827838501180911e-01
1.655409681419429402e-01
2.122723272591302557e-01
1.912230292271543952e-01
1.918497058397647670e-01
1.837720786346252744e-01
2.011861031554392221e-01
1.981858829203044792e-01
1.754413476828330376e-01
1.769826644400189219e-01
2.100165282081035145e-01
2.139836064944190541e-01
2.106713005698907515e-01
1.397488443505987277e-01
1.749587948937596782e-01
1.889224190894085165e-01
1.792370240044071639e-01
1.851639363098485924e-01
1.668432636148013959e-01
1.900534439574806111e-01
1.799201614130502835e-01
1.926858405067291835e-01
2.099469880831445201e-01
1.568468161583999321e-01
1.654624753735405296e-01
1.737056564680245496e-01
1.961690277781832636e-01
1.849821117728511488e-01
1.372579584779093087e-01
1.488713535805243626e-01
1.981838579782602139e-01
2.043413914147710897e-01
1.652322709959382352e-01
1.674201810768910226e-01
2.301136261143876816e-01
1.830089800693184554e-01
1.708497579429313906e-01
2.085766881294048858e-01
2.120104339791269166e-01
2.119375101532737504e-01
1.762387500223025483e-01
1.776659198500246117e-01
2.037341603866361095e-01
1.819659915326458932e-01
1.990025342252928764e-01
1.645099402472246786e-01
1.616295624453668589e-01
1.710807730930416493e-01
1.630905987042884919e-01
1.563831251346872175e-01
2.299985632369381527e-01
1.799056030438443143e-01
1.645523570950992720e-01
1.583032148042690934e-01
1.986374951886087092e-01
2.386070747114943935e-01
1.877267623043619160e-01
1.769300164036104739e-01
2.152250922220153018e-01
2.162882993710644186e-01
2.000553555674446926e-01
1.968609690074963336e-01
1.787858868240425059e-01
1.765426595249485475e-01
1.884423866335517284e-01
2.028408883836658183e-01
1.872163408231362902e-01
1.828062205329879508e-01
1.400011222287463886e-01
1.889329264293339583e-01
1.649327181697896050e-01
1.650604369781874248e-01
1.884137846187859677e-01
1.817075939651723593e-01
1.971289179023386628e-01
1.971999980905721761e-01
1.941609881771402812e-01
1.803790936939606016e-01
1.749619471015672612e-01
2.048727840025821867e-01
2.453970536457120988e-01
1.975653566318586740e-01
2.067061874158109269e-01
1.913726059996179174e-01
1.891162169358106826e-01
2.528510927654063489e-01
1.820592628856498307e-01
1.682654629895379839e-01
1.558204002039233205e-01
1.610626756285040706e-01
1.848028993962574085e-01
2.021079006661790356e-01
1.841729714460913214e-01
1.985641516020244524e-01
2.649734817798062858e-01
2.198874902478044346e-01
2.269229007897221317e-01
1.814284962928791878e-01
1.868960818771647214e-01
2.283768898236054612e-01
1.640199556655700108e-01
2.075854026884612624e-01
2.006585758606154457e-01
2.010706776863340206e-01
1.835361479279571939e-01
2.324461681470521845e-01
1.977625321098001598e-01
1.669060992537197141e-01
1.886760114896452734e-01
1.565101034183443707e-01
1.679596425850085617e-01
1.790677529373687349e-01
2.839734339988548850e-01
2.262175276520904388e-01
1.448646391978567483e-01
1.514934025647285687e-01
2.186054880794773558e-01
2.242853479111282522e-01
1.957665061619885405e-01
1.898176205641234071e-01
1.602327747428758664e-01
2.114597895398164229e-01
2.253254253564331844e-01
2.397934290747132102e-01
1.791320235056152455e-01
1.974028656529385750e-01
2.310053545293776212e-01
1.596413494713830594e-01
1.893061129706537504e-01
1.562545152243774160e-01
1.708836235177947638e-01
1.823037933988925774e-01
1.872218342591926987e-01
2.051548639001667118e-01
2.033977565344549099e-01
2.119904222660313198e-01
1.950264381504336619e-01
1.865147850345138802e-01
1.846798019808356395e-01
1.526129718620466424e-01
1.652668618856993343e-01
2.048349047802312528e-01
2.193343578304348396e-01
2.149260453490411116e-01
1.892807115981955668e-01
2.187168540737536304e-01
2.014997298132907289e-01
2.380092839199294541e-01
1.799005484809362010e-01
1.716271104860201124e-01
2.183600639954294265e-01
1.707433371939427735e-01
1.932948953923323554e-01
1.931273846386866999e-01
1.886975327499756383e-01
1.775413232064592672e-01
1.903707937287960061e-01
2.156111890390292885e-01
1.929902176477547027e-01
1.994002640627196843e-01
1.927887551109596087e-01
1.557431937070996308e-01
2.684459107947329004e-01
1.551363413634260224e-01
1.606189733919833884e-01
2.078064859102696504e-01
2.428861109488266445e-01
2.156153381646945810e-01
1.527548395978806373e-01
1.886849761503459066e-01
1.722919918034055142e-01
2.212062312588095603e-01
2.380998186317136722e-01
1.815704857117692306e-01
1.538641979923544290e-01
1.589797848281477577e-01
1.660636569055606859e-01
1.666038351703191811e-01
1.935307265398490684e-01
1.878629902187048950e-01
1.806176921141318670e-01
2.037842977996829341e-01
2.100851137343327790e-01
1.860406171822799604e-01
2.150986704295428376e-01
1.871132101456166041e-01
1.859317258839366938e-01
1.909026526247644406e-01
1.454408996115721386e-01
1.458311339791957262e-01
1.574223397536581859e-01
1.584850768574980195e-01
1.774349120168638994e-01
1.786150815123970781e-01
1.798091940073816009e-01
1.843701058354523803e-01
1.901875643619285738e-01
1.468582323151096658e-01
1.403128427319840499e-01
1.962586511076706286e-01
1.781597250072651240e-01
1.727971848564592572e-01
1.627331559667938854e-01
1.961623132547081760e-01
2.046940895282420847e-01
1.981194289764251215e-01
1.846535565185449257e-01
1.812309752643453120e-01
1.858328649250238773e-01
1.711456720233114348e-01
1.894082222594984100e-01
2.030268365960946064e-01
2.057469839257843880e-01
1.926318351838151033e-01
2.090677467782441901e-01
1.800677132890735888e-01
6.136536447429797869e-01
1.778499108927837913e-01
1.988566861729212931e-01
1.902238011129049333e-01
1.640229783870145730e-01
1.696133216569096769e-01
1.770097937500362539e-01
1.781978310988076852e-01
1.722212791136951970e-01
1.692315430669342202e-01
2.087203738844752021e-01
2.076770892303323734e-01
1.867812346185211969e-01
1.807764661248913440e-01
1.697093322135873605e-01
1.756852616562538105e-01
2.162950335197955654e-01
1.535291734114935247e-01
1.661766216581300748e-01
1.691432735527695075e-01
2.483124137885064919e-01
1.805977117543972610e-01
1.874219488437031678e-01
1.704925835222731445e-01
1.728339348147032994e-01
1.803516121490623125e-01
1.925092961662484559e-01
1.804199242129760072e-01
2.163735667589710698e-01
1.578954757897925998e-01
1.964010034029750051e-01
1.587437720840361721e-01
2.276930956509830850e-01
1.921764798396062290e-01
1.598708194213558642e-01
2.167942974193712014e-01
1.763209347787935144e-01
1.871351765011013413e-01
1.345667182672367623e-01
1.682018798553892303e-01
2.007969236904327825e-01
2.105777249073393365e-01
2.160526289083120333e-01
1.490271226218712330e-01
2.089043641470619828e-01
2.261933400363760061e-01
1.659561954201137501e-01
1.984219298275504972e-01
1.839253193721229196e-01
2.103813223326109205e-01
1.610053423825274499e-01
1.472770245406647416e-01
2.066962655421913098e-01
2.061320857686624042e-01
2.079070177272596687e-01
1.687602348759954796e-01
